2 0.0567708333333 0.738888888889 0.108333333333 0.0962962962963
2 0.265885416667 0.737962962963 0.1046875 0.0814814814815
2 0.393229166667 0.497222222222 0.0322916666667 0.264814814815
2 0.50859375 0.584722222222 0.0276041666667 0.262037037037
0 0.448177083333 0.0578703703704 0.0171875 0.0694444444444
0 0.412760416667 0.121759259259 0.0171875 0.0638888888889
0 0.424739583333 0.439814814815 0.0161458333333 0.0648148148148
0 0.365104166667 0.315277777778 0.0166666666667 0.0675925925926
0 0.138541666667 0.692592592593 0.0385416666667 0.037037037037
3 0.2140625 0.65462962963 0.0520833333333 0.0537037037037
0 0.0294270833333 0.805092592593 0.0348958333333 0.0416666666667
0 0.116927083333 0.758796296296 0.0359375 0.0361111111111
0 0.216145833333 0.7125 0.0395833333333 0.0361111111111
0 0.437760416667 0.852777777778 0.0223958333333 0.0796296296296
0 0.486458333333 0.774537037037 0.0197916666667 0.0694444444444
0 0.519010416667 0.894907407407 0.0182291666667 0.075
0 0.475 0.943518518519 0.0197916666667 0.0703703703704
0 0.70390625 0.534259259259 0.0359375 0.0333333333333
0 0.844010416667 0.641666666667 0.0380208333333 0.0351851851852
3 0.96640625 0.341666666667 0.0630208333333 0.0481481481481
