0 0.398958333333 0.136574074074 0.0145833333333 0.0638888888889
0 0.47421875 0.424074074074 0.0161458333333 0.0648148148148
0 0.428125 0.331944444444 0.015625 0.0564814814815
0 0.362760416667 0.357407407407 0.0234375 0.062962962963
0 0.407552083333 0.482407407407 0.0161458333333 0.0592592592593
0 0.430729166667 0.588888888889 0.015625 0.0648148148148
0 0.48046875 0.701388888889 0.0171875 0.0564814814815
0 0.4125 0.737037037037 0.0166666666667 0.0666666666667
0 0.26015625 0.499537037037 0.0348958333333 0.037962962963
0 0.222916666667 0.623611111111 0.0375 0.0361111111111
0 0.223958333333 0.671759259259 0.0375 0.0324074074074
3 0.165104166667 0.695833333333 0.059375 0.0490740740741
3 0.697916666667 0.452314814815 0.05625 0.0361111111111
3 0.9625 0.383333333333 0.0604166666667 0.0351851851852
1 0.458854166667 0.949074074074 0.028125 0.0962962962963
0 0.41015625 0.96712962963 0.0171875 0.062037037037
0 0.7 0.500925925926 0.0385416666667 0.0314814814815
0 0.762239583333 0.507407407407 0.0369791666667 0.0333333333333
0 0.81484375 0.520833333333 0.0338541666667 0.0324074074074
0 0.75703125 0.553703703704 0.0390625 0.0314814814815
0 0.707552083333 0.546759259259 0.0348958333333 0.0305555555556
0 0.771875 0.616203703704 0.0322916666667 0.0305555555556
0 0.900520833333 0.539351851852 0.0416666666667 0.0324074074074
0 0.855208333333 0.485648148148 0.0375 0.0324074074074
0 0.901041666667 0.49212962963 0.0354166666667 0.0287037037037
2 0.779166666667 0.461111111111 0.1 0.0574074074074
0 0.957291666667 0.5125 0.0364583333333 0.0361111111111
0 0.970052083333 0.554166666667 0.0442708333333 0.037962962963
