0 0.405729166667 0.325925925926 0.0166666666667 0.062962962963
0 0.429166666667 0.287962962963 0.0166666666667 0.0648148148148
0 0.469270833333 0.257407407407 0.0166666666667 0.0666666666667
0 0.429427083333 0.464351851852 0.0151041666667 0.0675925925926
0 0.468489583333 0.511111111111 0.0171875 0.0666666666667
0 0.43046875 0.631944444444 0.0151041666667 0.0657407407407
0 0.495572916667 0.624537037037 0.0171875 0.0601851851852
0 0.4078125 0.582407407407 0.0166666666667 0.0703703703704
0 0.222395833333 0.622685185185 0.0385416666667 0.037962962963
0 0.223697916667 0.669907407407 0.0380208333333 0.0361111111111
0 0.34453125 0.70787037037 0.0359375 0.0398148148148
0 0.477083333333 0.752314814815 0.01875 0.0694444444444
0 0.42578125 0.828703703704 0.0171875 0.0666666666667
0 0.507552083333 0.968981481481 0.0161458333333 0.0583333333333
1 0.458072916667 0.948148148148 0.0255208333333 0.1
2 0.510416666667 0.393981481481 0.0239583333333 0.249074074074
2 0.778385416667 0.458796296296 0.0984375 0.0564814814815
3 0.697135416667 0.45 0.0567708333333 0.037037037037
3 0.961197916667 0.379166666667 0.0598958333333 0.037962962963
3 0.1640625 0.693981481481 0.059375 0.0472222222222
0 0.380729166667 0.1125 0.0166666666667 0.0657407407407
0 0.69921875 0.498611111111 0.0390625 0.0324074074074
0 0.706510416667 0.544907407407 0.0348958333333 0.0287037037037
0 0.755989583333 0.551388888889 0.0390625 0.0305555555556
0 0.761979166667 0.505092592593 0.0375 0.0305555555556
0 0.828385416667 0.523148148148 0.0317708333333 0.0314814814815
0 0.8546875 0.48287037037 0.0385416666667 0.0361111111111
0 0.900260416667 0.489351851852 0.0348958333333 0.0287037037037
0 0.941666666667 0.546296296296 0.040625 0.0351851851852
