0 0.429166666667 0.461574074074 0.0145833333333 0.0675925925926
0 0.469010416667 0.514814814815 0.0171875 0.0685185185185
0 0.4078125 0.580555555556 0.0177083333333 0.0722222222222
0 0.43125 0.629166666667 0.01875 0.0712962962963
0 0.4953125 0.627314814815 0.01875 0.0638888888889
0 0.405208333333 0.324537037037 0.015625 0.0657407407407
0 0.42890625 0.287037037037 0.0171875 0.0648148148148
0 0.469270833333 0.260648148148 0.015625 0.0675925925926
0 0.380729166667 0.108796296296 0.0177083333333 0.0675925925926
0 0.699739583333 0.497685185185 0.0401041666667 0.0324074074074
0 0.761979166667 0.505092592593 0.0375 0.0324074074074
0 0.706770833333 0.544907407407 0.0364583333333 0.0305555555556
0 0.756770833333 0.552314814815 0.0385416666667 0.0324074074074
0 0.854166666667 0.482407407407 0.0385416666667 0.0333333333333
0 0.9 0.490277777778 0.0354166666667 0.0305555555556
0 0.829427083333 0.523148148148 0.0338541666667 0.0314814814815
0 0.942447916667 0.545833333333 0.0401041666667 0.0324074074074
3 0.9609375 0.380555555556 0.0614583333333 0.0351851851852
3 0.697135416667 0.450925925926 0.0567708333333 0.037037037037
3 0.164322916667 0.693981481481 0.0588541666667 0.0472222222222
0 0.222395833333 0.622222222222 0.0375 0.037037037037
0 0.2234375 0.67037037037 0.0375 0.0351851851852
0 0.344791666667 0.708333333333 0.0375 0.0407407407407
0 0.42578125 0.825462962963 0.0182291666667 0.0694444444444
0 0.476822916667 0.756018518519 0.0182291666667 0.0694444444444
2 0.510677083333 0.39537037037 0.0234375 0.251851851852
1 0.459114583333 0.948611111111 0.0223958333333 0.0990740740741
0 0.50703125 0.969444444444 0.0161458333333 0.0574074074074
2 0.778645833333 0.459259259259 0.0979166666667 0.0592592592593
