2 0.40625 0.616666666667 0.1 0.225925925926
2 0.186197916667 0.685648148148 0.1046875 0.0824074074074
2 0.461979166667 0.900462962963 0.0302083333333 0.193518518519
3 0.860416666667 0.52037037037 0.0479166666667 0.0851851851852
3 0.9609375 0.35462962963 0.0614583333333 0.0407407407407
0 0.783072916667 0.63287037037 0.0380208333333 0.0305555555556
0 0.723958333333 0.531018518519 0.0385416666667 0.0361111111111
0 0.702083333333 0.478240740741 0.0375 0.0287037037037
0 0.762760416667 0.488425925926 0.0411458333333 0.0324074074074
0 0.814322916667 0.503240740741 0.0390625 0.0305555555556
0 0.8984375 0.522685185185 0.0385416666667 0.0324074074074
0 0.941666666667 0.481018518519 0.0375 0.0324074074074
0 0.1671875 0.641203703704 0.0375 0.0361111111111
0 0.22109375 0.614351851852 0.0359375 0.0342592592593
0 0.0846354166667 0.729166666667 0.0390625 0.0342592592593
0 0.028125 0.761574074074 0.0385416666667 0.0416666666667
0 0.368489583333 0.1125 0.0151041666667 0.0657407407407
0 0.39609375 0.10462962963 0.0161458333333 0.0703703703704
0 0.41796875 0.0810185185185 0.0161458333333 0.0657407407407
