0 0.0799479166667 0.651851851852 0.0380208333333 0.0425925925926
0 0.363802083333 0.310185185185 0.0161458333333 0.0611111111111
0 0.396354166667 0.342592592593 0.0177083333333 0.0648148148148
0 0.4109375 0.0342592592593 0.015625 0.0666666666667
0 0.453125 0.0888888888889 0.0166666666667 0.062962962963
0 0.474479166667 0.227314814815 0.015625 0.0638888888889
0 0.511197916667 0.213888888889 0.0182291666667 0.0703703703704
0 0.425 0.435185185185 0.0166666666667 0.0685185185185
0 0.40625 0.544444444444 0.0166666666667 0.062962962963
0 0.47421875 0.494444444444 0.0171875 0.062962962963
0 0.412760416667 0.704166666667 0.0171875 0.0657407407407
0 0.432552083333 0.662037037037 0.0161458333333 0.0648148148148
0 0.488020833333 0.781944444444 0.0197916666667 0.075
0 0.104166666667 0.769907407407 0.0385416666667 0.0398148148148
0 0.154166666667 0.745833333333 0.0354166666667 0.037962962963
0 0.215104166667 0.718981481481 0.04375 0.0398148148148
0 0.143229166667 0.697222222222 0.0364583333333 0.0388888888889
2 0.0572916666667 0.741203703704 0.111458333333 0.0916666666667
2 0.314322916667 0.730092592593 0.103645833333 0.0509259259259
2 0.41328125 0.913425925926 0.0328125 0.163888888889
0 0.4765625 0.943518518519 0.021875 0.0722222222222
3 0.21484375 0.661111111111 0.0526041666667 0.0518518518519
0 0.7046875 0.535648148148 0.0375 0.0324074074074
3 0.969270833333 0.344444444444 0.0583333333333 0.0425925925926
