2 0.493489583333 0.314814814815 0.0265625 0.261111111111
2 0.186979166667 0.687962962963 0.10625 0.0814814814815
2 0.4625 0.916203703704 0.03125 0.160185185185
3 0.404947916667 0.7125 0.0192708333333 0.10462962963
3 0.961197916667 0.361574074074 0.0588541666667 0.0361111111111
3 0.880208333333 0.478240740741 0.053125 0.0787037037037
0 0.08515625 0.725925925926 0.0380208333333 0.0333333333333
0 0.167447916667 0.641666666667 0.0380208333333 0.037037037037
0 0.221614583333 0.615277777778 0.0369791666667 0.0342592592593
0 0.139583333333 0.55 0.0395833333333 0.0425925925926
0 0.422135416667 0.498611111111 0.0151041666667 0.062037037037
0 0.49609375 0.569907407407 0.0171875 0.0601851851852
0 0.461197916667 0.271759259259 0.0151041666667 0.0657407407407
0 0.403645833333 0.287962962963 0.0177083333333 0.0666666666667
0 0.507291666667 0.775925925926 0.0125 0.0685185185185
0 0.701822916667 0.48287037037 0.0369791666667 0.0324074074074
0 0.76328125 0.491203703704 0.0401041666667 0.0305555555556
0 0.82734375 0.510185185185 0.0369791666667 0.0277777777778
0 0.896614583333 0.528240740741 0.0401041666667 0.0324074074074
