0 0.338802083333 0.436111111111 0.0338541666667 0.0592592592593
0 0.195572916667 0.556944444444 0.0432291666667 0.0472222222222
0 0.238802083333 0.631944444444 0.0401041666667 0.037962962963
0 0.436197916667 0.62962962963 0.0203125 0.0685185185185
0 0.48125 0.661111111111 0.0177083333333 0.0592592592593
0 0.37421875 0.193981481481 0.0151041666667 0.0638888888889
0 0.508072916667 0.221296296296 0.0192708333333 0.0666666666667
0 0.4609375 0.106018518519 0.015625 0.0601851851852
0 0.7125 0.450462962963 0.0395833333333 0.0287037037037
0 0.709114583333 0.496759259259 0.0380208333333 0.0268518518519
0 0.701302083333 0.539814814815 0.0359375 0.0296296296296
0 0.75859375 0.546759259259 0.0390625 0.0287037037037
0 0.820052083333 0.560185185185 0.0369791666667 0.0296296296296
0 0.834114583333 0.512962962963 0.0401041666667 0.0351851851852
0 0.881510416667 0.519907407407 0.0401041666667 0.0342592592593
0 0.76796875 0.503703703704 0.0380208333333 0.0296296296296
3 0.96875 0.357407407407 0.0604166666667 0.0425925925926
2 0.133854166667 0.741666666667 0.109375 0.087037037037
0 0.04609375 0.775 0.0390625 0.037037037037
0 0.0770833333333 0.7125 0.0416666666667 0.0435185185185
0 0.13515625 0.686574074074 0.0369791666667 0.0342592592593
0 0.192708333333 0.660185185185 0.0395833333333 0.0425925925926
0 0.22265625 0.702777777778 0.0390625 0.0425925925926
0 0.414322916667 0.769907407407 0.0182291666667 0.0731481481481
0 0.491927083333 0.851851851852 0.0182291666667 0.0703703703704
0 0.44765625 0.926388888889 0.0182291666667 0.0731481481481
0 0.46875 0.95787037037 0.01875 0.0712962962963
