0 0.18203125 0.522685185185 0.0390625 0.0398148148148
0 0.07890625 0.728240740741 0.0421875 0.0398148148148
0 0.137760416667 0.698611111111 0.0359375 0.0361111111111
0 0.18515625 0.678703703704 0.0401041666667 0.0388888888889
0 0.135416666667 0.646296296296 0.0395833333333 0.0407407407407
0 0.260677083333 0.581944444444 0.0401041666667 0.0398148148148
0 0.384114583333 0.527777777778 0.0359375 0.0388888888889
0 0.413802083333 0.463888888889 0.0421875 0.0388888888889
0 0.49140625 0.550462962963 0.0359375 0.0361111111111
3 0.545572916667 0.532407407407 0.0390625 0.0351851851852
0 0.340104166667 0.658333333333 0.040625 0.0425925925926
0 0.487760416667 0.88287037037 0.0171875 0.0694444444444
0 0.516927083333 0.906018518519 0.0182291666667 0.0675925925926
0 0.546354166667 0.486111111111 0.040625 0.0259259259259
0 0.614322916667 0.525 0.0380208333333 0.0296296296296
0 0.594010416667 0.605092592593 0.0359375 0.0305555555556
0 0.719010416667 0.485648148148 0.0390625 0.0268518518519
0 0.9 0.511574074074 0.0416666666667 0.0305555555556
0 0.79375 0.588425925926 0.0364583333333 0.0305555555556
3 0.79453125 0.441666666667 0.0588541666667 0.0333333333333
3 0.968489583333 0.337962962963 0.0598958333333 0.0407407407407
2 0.90703125 0.696296296296 0.108854166667 0.0703703703704
0 0.386197916667 0.138425925926 0.0171875 0.062037037037
0 0.409635416667 0.133333333333 0.0161458333333 0.0685185185185
0 0.980989583333 0.635648148148 0.0348958333333 0.0342592592593
0 0.912239583333 0.593981481481 0.0411458333333 0.0342592592593
