3 0.0872395833333 0.548611111111 0.0557291666667 0.0509259259259
3 0.965885416667 0.361111111111 0.0588541666667 0.0407407407407
0 0.420052083333 0.0944444444444 0.0171875 0.0722222222222
0 0.395572916667 0.165277777778 0.0182291666667 0.0601851851852
0 0.423697916667 0.293518518519 0.0151041666667 0.0648148148148
0 0.40234375 0.331944444444 0.0182291666667 0.0638888888889
0 0.491666666667 0.390277777778 0.0177083333333 0.0638888888889
0 0.545833333333 0.376851851852 0.034375 0.0518518518519
0 0.599739583333 0.42037037037 0.0390625 0.037037037037
0 0.70625 0.49537037037 0.0375 0.0314814814815
0 0.698177083333 0.538425925926 0.0359375 0.0287037037037
0 0.840104166667 0.559722222222 0.0385416666667 0.0287037037037
0 0.82109375 0.513888888889 0.0390625 0.0296296296296
0 0.786979166667 0.451851851852 0.0364583333333 0.0277777777778
0 0.410416666667 0.658796296296 0.0177083333333 0.0712962962963
0 0.433072916667 0.601388888889 0.0161458333333 0.062037037037
0 0.476822916667 0.605092592593 0.0161458333333 0.0675925925926
0 0.483854166667 0.785648148148 0.0177083333333 0.0657407407407
0 0.513020833333 0.912037037037 0.01875 0.0703703703704
0 0.467447916667 0.953703703704 0.0192708333333 0.0740740740741
0 0.136197916667 0.680555555556 0.0380208333333 0.0351851851852
0 0.192708333333 0.655555555556 0.0375 0.0425925925926
0 0.238802083333 0.627314814815 0.0390625 0.037962962963
0 0.222135416667 0.698611111111 0.0380208333333 0.0398148148148
0 0.2875 0.489814814815 0.0333333333333 0.05
0 0.505729166667 0.706944444444 0.01875 0.0694444444444
