0 0.0223958333333 0.733796296296 0.0416666666667 0.0453703703704
0 0.0395833333333 0.774537037037 0.0385416666667 0.0416666666667
2 0.127604166667 0.741666666667 0.109375 0.0851851851852
0 0.136197916667 0.682407407407 0.0380208333333 0.0333333333333
0 0.193229166667 0.656944444444 0.0385416666667 0.0398148148148
0 0.2390625 0.629166666667 0.0385416666667 0.037962962963
0 0.22265625 0.699074074074 0.0401041666667 0.0407407407407
0 0.261979166667 0.506944444444 0.0354166666667 0.0416666666667
0 0.398177083333 0.373148148148 0.0161458333333 0.062962962963
0 0.42265625 0.262962962963 0.0161458333333 0.0666666666667
3 0.39453125 0.158796296296 0.0192708333333 0.0824074074074
0 0.475520833333 0.0648148148148 0.0177083333333 0.0666666666667
0 0.5203125 0.310648148148 0.0270833333333 0.0638888888889
0 0.47734375 0.4 0.0161458333333 0.0648148148148
0 0.600520833333 0.412037037037 0.034375 0.0351851851852
0 0.67734375 0.436111111111 0.0380208333333 0.0296296296296
0 0.741666666667 0.455092592593 0.0395833333333 0.0305555555556
0 0.707552083333 0.49537037037 0.0369791666667 0.0296296296296
0 0.765364583333 0.502777777778 0.0369791666667 0.0277777777778
0 0.756510416667 0.547222222222 0.0401041666667 0.0277777777778
0 0.698958333333 0.539351851852 0.0354166666667 0.0287037037037
0 0.81953125 0.559722222222 0.0401041666667 0.0268518518519
0 0.830729166667 0.511574074074 0.0395833333333 0.0287037037037
0 0.878385416667 0.519907407407 0.0411458333333 0.0305555555556
3 0.967447916667 0.360185185185 0.0588541666667 0.0407407407407
0 0.6671875 0.611574074074 0.0375 0.0287037037037
0 0.573697916667 0.609722222222 0.0401041666667 0.0472222222222
0 0.482291666667 0.606944444444 0.0177083333333 0.0657407407407
0 0.434895833333 0.663425925926 0.01875 0.0768518518519
0 0.411458333333 0.823148148148 0.01875 0.0666666666667
0 0.442708333333 0.894444444444 0.0177083333333 0.0685185185185
0 0.487239583333 0.812037037037 0.0182291666667 0.0666666666667
0 0.46875 0.95787037037 0.0197916666667 0.0768518518519
