0 0.837375 0.801 0.01775 0.0313333333333
0 0.84275 0.785 0.015 0.0273333333333
0 0.896375 0.755333333333 0.01575 0.0326666666667
0 0.93 0.737333333333 0.017 0.0286666666667
0 0.93975 0.734666666667 0.015 0.0266666666667
0 0.947 0.727666666667 0.015 0.03
0 0.914125 0.809333333333 0.01475 0.0146666666667
0 0.91925 0.822666666667 0.0195 0.016
0 0.925125 0.8375 0.01875 0.019
0 0.964 0.8175 0.019 0.0163333333333
0 0.970625 0.779833333333 0.01825 0.0183333333333
0 0.973125 0.715 0.01375 0.0266666666667
0 0.981875 0.711 0.01675 0.028
0 0.9285 0.904833333333 0.0185 0.0176666666667
3 0.92525 0.889666666667 0.025 0.0226666666667
0 0.93525 0.866 0.019 0.0166666666667
0 0.91175 0.863 0.0185 0.018
0 0.966125 0.938833333333 0.01925 0.0176666666667
0 0.906125 0.9715 0.01825 0.019
0 0.978 0.9805 0.014 0.0296666666667
0 0.96375 0.984833333333 0.0125 0.0263333333333
3 0.976625 0.843833333333 0.02875 0.0216666666667
0 0.9815 0.858666666667 0.02 0.0186666666667
0 0.989125 0.821166666667 0.01625 0.0176666666667
