0 0.103385416667 0.747222222222 0.0432291666667 0.0388888888889
0 0.145833333333 0.674537037037 0.0458333333333 0.0435185185185
3 0.275520833333 0.631481481481 0.0645833333333 0.0537037037037
2 0.68515625 0.568518518519 0.108854166667 0.0574074074074
0 0.591927083333 0.519444444444 0.0401041666667 0.0333333333333
0 0.488541666667 0.549537037037 0.0375 0.0324074074074
0 0.787760416667 0.377314814815 0.0432291666667 0.0342592592593
0 0.789322916667 0.431481481481 0.0473958333333 0.0407407407407
0 0.780729166667 0.487962962963 0.040625 0.0333333333333
0 0.83125 0.49537037037 0.040625 0.0333333333333
0 0.844791666667 0.452777777778 0.0427083333333 0.037037037037
0 0.885677083333 0.409722222222 0.0505208333333 0.0398148148148
0 0.9 0.458333333333 0.0427083333333 0.0351851851852
0 0.833333333333 0.390277777778 0.0375 0.0361111111111
0 0.941666666667 0.418055555556 0.0427083333333 0.037962962963
0 0.96015625 0.476388888889 0.0463541666667 0.0398148148148
1 0.96640625 0.530555555556 0.0640625 0.05
0 0.526822916667 0.933796296296 0.0182291666667 0.075
