3 0.573875 0.736 0.03025 0.0408888888889
3 0.546125 0.927777777778 0.01825 0.0644444444444
0 0.661875 0.899777777778 0.01425 0.0333333333333
0 0.662625 0.820222222222 0.01125 0.0368888888889
0 0.645875 0.782444444444 0.01175 0.0324444444444
0 0.646875 0.702222222222 0.01025 0.024
0 0.658625 0.684 0.00875 0.0231111111111
0 0.660125 0.724444444444 0.00925 0.0248888888889
0 0.62175 0.569111111111 0.008 0.0208888888889
0 0.63475 0.590888888889 0.0085 0.0217777777778
0 0.620375 0.592 0.00925 0.0222222222222
0 0.638125 0.29 0.00525 0.0111111111111
0 0.646625 0.253555555556 0.00475 0.00933333333333
0 0.632625 0.23 0.00425 0.00933333333333
