2 0.387625 0.701777777778 0.13275 0.0631111111111
3 0.502875 0.178666666667 0.02075 0.08
0 0.223 0.603333333333 0.045 0.0368888888889
0 0.29325 0.603111111111 0.047 0.04
0 0.2805 0.652888888889 0.044 0.0408888888889
0 0.213 0.647555555556 0.0415 0.0346666666667
0 0.70175 0.649333333333 0.0445 0.0524444444444
0 0.472 0.354444444444 0.022 0.0822222222222
0 0.498375 0.442222222222 0.02025 0.0684444444444
0 0.536 0.505555555556 0.0205 0.0724444444444
0 0.522375 0.717111111111 0.01975 0.0662222222222
0 0.629625 0.437777777778 0.04675 0.0506666666667
0 0.623875 0.867111111111 0.02475 0.0737777777778
0 0.54275 0.965111111111 0.0225 0.0697777777778
0 0.8545 0.583555555556 0.041 0.0346666666667
0 0.766625 0.542888888889 0.04025 0.0297777777778
0 0.757125 0.496 0.04275 0.0346666666667
0 0.80825 0.491333333333 0.0385 0.0315555555556
0 0.883875 0.485555555556 0.04375 0.0351111111111
0 0.945375 0.480444444444 0.04625 0.0346666666667
0 0.92675 0.528222222222 0.0445 0.0333333333333
