0 0.0643229166667 0.672685185185 0.0494791666667 0.037962962963
0 0.194791666667 0.688888888889 0.046875 0.0351851851852
0 0.281510416667 0.637962962963 0.0432291666667 0.037037037037
0 0.284375 0.591203703704 0.0427083333333 0.0342592592593
0 0.425 0.731481481481 0.040625 0.0537037037037
2 0.825 0.55462962963 0.111458333333 0.0425925925926
0 0.744270833333 0.515277777778 0.046875 0.0342592592593
0 0.728125 0.468055555556 0.04375 0.0324074074074
0 0.809635416667 0.463888888889 0.0411458333333 0.0333333333333
0 0.873177083333 0.466666666667 0.0473958333333 0.0351851851852
0 0.806510416667 0.505092592593 0.0421875 0.0324074074074
0 0.865364583333 0.506944444444 0.0421875 0.0305555555556
0 0.91796875 0.506018518519 0.0411458333333 0.0287037037037
0 0.918489583333 0.553703703704 0.0432291666667 0.0259259259259
0 0.974739583333 0.555555555556 0.0432291666667 0.0314814814815
0 0.969010416667 0.510185185185 0.0453125 0.0351851851852
0 0.95390625 0.463888888889 0.0442708333333 0.0351851851852
