0 0.170833333333 0.485185185185 0.0333333333333 0.0222222222222
0 0.24921875 0.487037037037 0.0369791666667 0.0240740740741
0 0.207552083333 0.518981481481 0.0338541666667 0.0268518518519
0 0.3515625 0.519444444444 0.03125 0.0259259259259
0 0.323958333333 0.485648148148 0.0333333333333 0.025
0 0.408854166667 0.481481481481 0.03125 0.0240740740741
0 0.358333333333 0.351388888889 0.0302083333333 0.025
0 0.509635416667 0.287037037037 0.0317708333333 0.0259259259259
0 0.495833333333 0.351388888889 0.0260416666667 0.037962962963
3 0.483072916667 0.325462962963 0.0328125 0.0287037037037
3 0.563802083333 0.446759259259 0.0369791666667 0.0342592592593
2 0.577604166667 0.380092592593 0.1 0.0416666666667
0 0.486197916667 0.468981481481 0.0276041666667 0.0231481481481
0 0.433333333333 0.577314814815 0.028125 0.0509259259259
0 0.51875 0.610648148148 0.0177083333333 0.0527777777778
0 0.543489583333 0.536111111111 0.0255208333333 0.0425925925926
3 0.461458333333 0.949537037037 0.0208333333333 0.0972222222222
0 0.45390625 0.713888888889 0.0171875 0.062962962963
0 0.49140625 0.683333333333 0.0140625 0.0481481481481
0 0.492447916667 0.77962962963 0.0140625 0.0592592592593
0 0.496614583333 0.860648148148 0.0140625 0.0657407407407
0 0.49921875 0.955092592593 0.0182291666667 0.0768518518519
0 0.871875 0.438888888889 0.0270833333333 0.0240740740741
0 0.827604166667 0.438888888889 0.0302083333333 0.0240740740741
0 0.78046875 0.499074074074 0.0307291666667 0.0240740740741
