0 0.139625 0.341333333333 0.03675 0.0622222222222
0 0.075875 0.505111111111 0.04675 0.0297777777778
0 0.084 0.564444444444 0.0415 0.0453333333333
0 0.17625 0.546666666667 0.0415 0.0328888888889
0 0.18925 0.439777777778 0.0415 0.0333333333333
0 0.18875 0.494 0.046 0.0324444444444
0 0.283125 0.550222222222 0.04075 0.0355555555556
0 0.250625 0.637111111111 0.04575 0.0386666666667
0 0.425 0.530888888889 0.0425 0.0368888888889
0 0.34175 0.515555555556 0.0445 0.0382222222222
0 0.48175 0.490888888889 0.039 0.0324444444444
0 0.49875 0.544 0.042 0.0355555555556
0 0.501 0.594 0.042 0.0351111111111
0 0.57 0.519333333333 0.038 0.0368888888889
0 0.575375 0.564 0.03925 0.04
0 0.6935 0.600444444444 0.041 0.0391111111111
0 0.96825 0.685555555556 0.0445 0.0431111111111
1 0.393625 0.575111111111 0.05925 0.0471111111111
3 0.369875 0.472444444444 0.06275 0.04
3 0.65 0.534444444444 0.045 0.044
3 0.72375 0.554666666667 0.0645 0.0462222222222
0 0.080375 0.964444444444 0.01875 0.0684444444444
0 0.10375 0.952888888889 0.022 0.0791111111111
0 0.02625 0.0928888888889 0.023 0.0808888888889
