0 0.0591145833333 0.493981481481 0.0484375 0.0361111111111
0 0.2671875 0.5125 0.0447916666667 0.0305555555556
2 0.327604166667 0.69212962963 0.167708333333 0.0546296296296
2 0.578385416667 0.556944444444 0.0286458333333 0.184259259259
0 0.640625 0.438425925926 0.0354166666667 0.0416666666667
0 0.699739583333 0.656481481481 0.0401041666667 0.0444444444444
0 0.756770833333 0.506481481481 0.040625 0.0333333333333
0 0.844270833333 0.501851851852 0.0395833333333 0.0314814814815
3 0.828125 0.464814814815 0.040625 0.0296296296296
0 0.959895833333 0.49537037037 0.0427083333333 0.0314814814815
0 0.58671875 0.8 0.0223958333333 0.0796296296296
0 0.490625 0.856944444444 0.03125 0.075
0 0.560416666667 0.912037037037 0.025 0.0814814814815
0 0.6234375 0.864814814815 0.021875 0.0796296296296
0 0.515885416667 0.0560185185185 0.0213541666667 0.0824074074074
