0 0.295875 0.800444444444 0.03675 0.0284444444444
0 0.435875 0.801555555556 0.03725 0.0368888888889
0 0.1505 0.938222222222 0.035 0.0266666666667
0 0.3015 0.942 0.0395 0.036
0 0.3595 0.944666666667 0.0445 0.0368888888889
0 0.31725 0.898666666667 0.0355 0.0355555555556
0 0.36425 0.902444444444 0.0325 0.0306666666667
0 0.802125 0.799333333333 0.04025 0.0306666666667
0 0.605 0.517111111111 0.0155 0.0475555555556
0 0.630125 0.278666666667 0.01825 0.0506666666667
0 0.5825 0.455555555556 0.0165 0.0586666666667
0 0.556125 0.457555555556 0.01475 0.0484444444444
0 0.53475 0.472888888889 0.016 0.056
0 0.538875 0.407111111111 0.01725 0.0524444444444
0 0.56325 0.387111111111 0.0185 0.0568888888889
0 0.586125 0.374 0.01425 0.052
0 0.588125 0.305555555556 0.01725 0.0582222222222
0 0.543625 0.336 0.01725 0.0577777777778
0 0.5505 0.271777777778 0.0165 0.0537777777778
0 0.573625 0.246222222222 0.01675 0.0462222222222
0 0.55525 0.212 0.0155 0.0515555555556
0 0.579125 0.187777777778 0.01475 0.0431111111111
0 0.570125 0.301333333333 0.01425 0.0497777777778
0 0.56 0.146666666667 0.0155 0.0471111111111
0 0.583625 0.137333333333 0.01775 0.0453333333333
0 0.585125 0.0851111111111 0.01725 0.0484444444444
0 0.589875 0.0282222222222 0.01475 0.0546666666667
3 0.56675 0.0775555555556 0.022 0.0777777777778
3 0.529 0.160888888889 0.029 0.0755555555556
2 0.78675 0.841777777778 0.091 0.04
