0 0.0778645833333 0.328240740741 0.0328125 0.025
0 0.1296875 0.308333333333 0.03125 0.0222222222222
0 0.294270833333 0.306944444444 0.028125 0.0231481481481
0 0.383333333333 0.335648148148 0.0239583333333 0.025
0 0.4515625 0.382407407407 0.021875 0.037037037037
0 0.425260416667 0.55 0.0140625 0.0518518518519
0 0.38359375 0.516666666667 0.0307291666667 0.0296296296296
0 0.368489583333 0.475925925926 0.0317708333333 0.0277777777778
0 0.324479166667 0.475 0.0322916666667 0.0222222222222
0 0.274739583333 0.476851851852 0.0317708333333 0.0259259259259
0 0.229427083333 0.47962962963 0.0338541666667 0.0259259259259
0 0.186979166667 0.480555555556 0.0322916666667 0.0259259259259
0 0.204947916667 0.518981481481 0.0338541666667 0.0268518518519
0 0.258333333333 0.517592592593 0.034375 0.0259259259259
0 0.303385416667 0.508796296296 0.0317708333333 0.025
0 0.348177083333 0.508796296296 0.0307291666667 0.025
2 0.673958333333 0.364814814815 0.1 0.0407407407407
0 0.84296875 0.294907407407 0.0307291666667 0.0231481481481
0 0.842708333333 0.495833333333 0.028125 0.0268518518519
0 0.489322916667 0.787962962963 0.0151041666667 0.062962962963
0 0.490364583333 0.698148148148 0.0151041666667 0.0574074074074
3 0.143229166667 0.51712962963 0.0427083333333 0.0305555555556
