2 0.38984375 0.7125 0.1640625 0.0916666666667
2 0.578645833333 0.418055555556 0.028125 0.186111111111
0 0.51640625 0.0583333333333 0.0213541666667 0.0796296296296
0 0.0578125 0.500462962963 0.046875 0.0305555555556
0 0.0864583333333 0.577777777778 0.04375 0.0333333333333
0 0.516927083333 0.668981481481 0.0328125 0.075
0 0.577083333333 0.624074074074 0.0208333333333 0.0759259259259
0 0.650520833333 0.702314814815 0.0364583333333 0.0712962962963
0 0.59296875 0.862037037037 0.0234375 0.0777777777778
0 0.903125 0.494907407407 0.04375 0.0324074074074
0 0.816927083333 0.635185185185 0.0432291666667 0.0314814814815
0 0.818489583333 0.500925925926 0.0401041666667 0.0333333333333
0 0.750520833333 0.505092592593 0.040625 0.0324074074074
0 0.64140625 0.436111111111 0.0348958333333 0.0388888888889
3 0.759114583333 0.466666666667 0.0401041666667 0.0333333333333
