2 0.354166666667 0.433796296296 0.109375 0.0564814814815
3 0.455989583333 0.306481481481 0.0328125 0.107407407407
0 0.584375 0.355092592593 0.0302083333333 0.075
0 0.43125 0.525925925926 0.040625 0.0314814814815
3 0.26953125 0.649537037037 0.0723958333333 0.0416666666667
0 0.205729166667 0.590740740741 0.046875 0.0314814814815
0 0.46640625 0.606481481481 0.0369791666667 0.0333333333333
0 0.566145833333 0.611574074074 0.0385416666667 0.0324074074074
0 0.175260416667 0.501388888889 0.0453125 0.0361111111111
0 0.132552083333 0.684259259259 0.0421875 0.0333333333333
0 0.0401041666667 0.625 0.0416666666667 0.0296296296296
3 0.632291666667 0.772222222222 0.0333333333333 0.1
0 0.731510416667 0.63287037037 0.0369791666667 0.0305555555556
0 0.6453125 0.650462962963 0.040625 0.0324074074074
0 0.7453125 0.569907407407 0.0416666666667 0.0305555555556
3 0.803645833333 0.569444444444 0.05 0.0333333333333
0 0.827864583333 0.523148148148 0.0432291666667 0.0296296296296
0 0.629947916667 0.526388888889 0.0411458333333 0.0324074074074
0 0.830989583333 0.61712962963 0.0390625 0.0305555555556
3 0.975520833333 0.612037037037 0.0458333333333 0.0351851851852
2 0.91484375 0.67037037037 0.115104166667 0.0444444444444
0 0.519791666667 0.0916666666667 0.0197916666667 0.0703703703704
