0 0.57775 0.841777777778 0.013 0.0506666666667
0 0.567125 0.692444444444 0.01175 0.0382222222222
0 0.589375 0.631777777778 0.01125 0.0306666666667
3 0.507625 0.720444444444 0.01375 0.0577777777778
3 0.5195 0.583555555556 0.016 0.0515555555556
3 0.578 0.390444444444 0.01 0.0377777777778
0 0.5895 0.517555555556 0.009 0.0244444444444
0 0.5895 0.436666666667 0.0085 0.0235555555556
0 0.590875 0.274 0.00725 0.0191111111111
0 0.611 0.306444444444 0.007 0.0173333333333
0 0.592 0.357333333333 0.008 0.0222222222222
