2 0.160416666667 0.64212962963 0.11875 0.0527777777778
0 0.28515625 0.643055555556 0.0442708333333 0.0324074074074
0 0.289322916667 0.597685185185 0.0463541666667 0.0342592592593
0 0.2234375 0.590277777778 0.0458333333333 0.037962962963
0 0.163020833333 0.586111111111 0.040625 0.0333333333333
3 0.0723958333333 0.584259259259 0.0541666666667 0.037037037037
3 0.22421875 0.505555555556 0.0526041666667 0.037037037037
0 0.333333333333 0.459722222222 0.040625 0.0435185185185
0 0.571614583333 0.458796296296 0.0182291666667 0.0583333333333
0 0.531770833333 0.441666666667 0.0177083333333 0.0740740740741
0 0.4328125 0.371296296296 0.0364583333333 0.0740740740741
0 0.469791666667 0.252314814815 0.0229166666667 0.0694444444444
0 0.4921875 0.0625 0.0208333333333 0.0712962962963
0 0.163020833333 0.688888888889 0.046875 0.0351851851852
0 0.682291666667 0.611574074074 0.0395833333333 0.0361111111111
0 0.75625 0.56712962963 0.040625 0.0305555555556
0 0.730989583333 0.521296296296 0.0401041666667 0.0333333333333
0 0.74921875 0.47962962963 0.0390625 0.0296296296296
0 0.799739583333 0.481944444444 0.0421875 0.0305555555556
0 0.793489583333 0.518518518519 0.0432291666667 0.0314814814815
0 0.84921875 0.52037037037 0.0453125 0.0333333333333
0 0.90703125 0.518055555556 0.0442708333333 0.0324074074074
