2 0.13828125 0.63287037037 0.1765625 0.0509259259259
0 0.209895833333 0.575462962963 0.0416666666667 0.0342592592593
0 0.265885416667 0.580555555556 0.0421875 0.0333333333333
0 0.262760416667 0.636111111111 0.0432291666667 0.037037037037
0 0.503125 0.423611111111 0.01875 0.075
0 0.507552083333 0.67962962963 0.0265625 0.0814814814815
0 0.530729166667 0.30462962963 0.0197916666667 0.0777777777778
0 0.62890625 0.416203703704 0.0369791666667 0.0490740740741
0 0.502864583333 0.894444444444 0.0286458333333 0.0777777777778
3 0.787760416667 0.626851851852 0.0515625 0.0425925925926
0 0.754166666667 0.458796296296 0.040625 0.037962962963
0 0.75234375 0.496759259259 0.0411458333333 0.0342592592593
0 0.815364583333 0.493518518519 0.0411458333333 0.0314814814815
0 0.8140625 0.450925925926 0.0416666666667 0.0296296296296
0 0.884375 0.485648148148 0.0447916666667 0.0342592592593
0 0.762239583333 0.541203703704 0.0421875 0.0342592592593
0 0.940885416667 0.492592592593 0.0442708333333 0.0351851851852
0 0.63046875 0.952314814815 0.0223958333333 0.0675925925926
