0 0.58975 0.0561666666667 0.0185 0.013
0 0.611875 0.0546666666667 0.01925 0.0133333333333
0 0.63475 0.0516666666667 0.0185 0.0126666666667
0 0.653625 0.0511666666667 0.02025 0.0156666666667
0 0.68625 0.0515 0.0255 0.015
0 0.62375 0.126666666667 0.019 0.0126666666667
2 0.849 0.128333333333 0.0535 0.0293333333333
0 0.925125 0.0323333333333 0.01775 0.0113333333333
0 0.956625 0.0523333333333 0.02075 0.012
0 0.931875 0.053 0.01825 0.0113333333333
0 0.969625 0.0688333333333 0.01675 0.0123333333333
0 0.927125 0.142666666667 0.02125 0.0126666666667
0 0.408875 0.237333333333 0.00925 0.0233333333333
0 0.460875 0.318166666667 0.00875 0.025
0 0.480625 0.376 0.00825 0.024
0 0.484 0.4515 0.0095 0.0263333333333
0 0.485875 0.485666666667 0.00775 0.0253333333333
0 0.487 0.525 0.0085 0.0266666666667
0 0.376375 0.453833333333 0.01825 0.011
0 0.37725 0.465333333333 0.0185 0.0133333333333
0 0.3775 0.48 0.016 0.0106666666667
0 0.377875 0.492833333333 0.01825 0.011
0 0.378375 0.507333333333 0.01825 0.012
0 0.37925 0.5205 0.0185 0.00966666666667
0 0.37975 0.534166666667 0.018 0.0103333333333
0 0.3845 0.549166666667 0.019 0.0136666666667
0 0.491 0.626166666667 0.0105 0.0256666666667
0 0.4965 0.786833333333 0.0095 0.0283333333333
0 0.4995 0.824333333333 0.01 0.0286666666667
3 0.503125 0.901666666667 0.01025 0.0346666666667
0 0.496 0.9675 0.0105 0.0303333333333
0 0.443375 0.9565 0.00975 0.027
0 0.667375 0.9795 0.01725 0.025
0 0.681 0.953333333333 0.016 0.0266666666667
0 0.71325 0.961166666667 0.0185 0.0156666666667
0 0.734625 0.959 0.01925 0.0146666666667
0 0.6935 0.986833333333 0.009 0.0243333333333
1 0.02425 0.128166666667 0.038 0.0283333333333
0 0.0095 0.0965 0.014 0.013
0 0.0965 0.141 0.0195 0.0133333333333
0 0.175875 0.1345 0.02325 0.0163333333333
