2 0.140885416667 0.634259259259 0.175520833333 0.0537037037037
0 0.211197916667 0.576388888889 0.0401041666667 0.0361111111111
0 0.26640625 0.581944444444 0.0411458333333 0.0342592592593
0 0.263802083333 0.634722222222 0.0421875 0.0324074074074
0 0.473177083333 0.299074074074 0.0182291666667 0.0740740740741
0 0.533854166667 0.436574074074 0.0229166666667 0.0805555555556
0 0.59921875 0.369444444444 0.0317708333333 0.0537037037037
0 0.521614583333 0.727777777778 0.0223958333333 0.0777777777778
0 0.509114583333 0.191203703704 0.0171875 0.0675925925926
0 0.51953125 0.0324074074074 0.0203125 0.0648148148148
0 0.631770833333 0.773148148148 0.0239583333333 0.0685185185185
3 0.91328125 0.616203703704 0.0515625 0.0361111111111
0 0.7546875 0.456018518519 0.0416666666667 0.0342592592593
0 0.753125 0.494444444444 0.040625 0.0333333333333
0 0.763802083333 0.538888888889 0.0432291666667 0.0351851851852
0 0.8171875 0.490277777778 0.0395833333333 0.0342592592593
0 0.814322916667 0.45 0.0421875 0.0314814814815
0 0.8859375 0.48287037037 0.0427083333333 0.0342592592593
0 0.942447916667 0.490277777778 0.0432291666667 0.0342592592593
