2 0.516145833333 0.703240740741 0.08125 0.175
2 0.834114583333 0.647222222222 0.113020833333 0.05
0 0.577864583333 0.510648148148 0.0401041666667 0.0342592592593
0 0.689583333333 0.570833333333 0.0447916666667 0.037962962963
0 0.434635416667 0.356481481481 0.0328125 0.0703703703704
0 0.216145833333 0.505092592593 0.04375 0.0342592592593
0 0.763020833333 0.506481481481 0.0364583333333 0.0296296296296
0 0.835677083333 0.553240740741 0.0401041666667 0.0287037037037
0 0.596875 0.662037037037 0.0375 0.0592592592593
0 0.516666666667 0.049537037037 0.021875 0.0768518518519
0 0.280729166667 0.690740740741 0.0447916666667 0.0314814814815
