0 0.0408854166667 0.496296296296 0.0494791666667 0.037037037037
0 0.197135416667 0.437037037037 0.0463541666667 0.0444444444444
0 0.340885416667 0.476851851852 0.0421875 0.0425925925926
0 0.436979166667 0.557407407407 0.04375 0.0648148148148
0 0.269270833333 0.594907407407 0.04375 0.0324074074074
0 0.275 0.641203703704 0.0416666666667 0.0361111111111
0 0.488020833333 0.892592592593 0.0291666666667 0.0722222222222
3 0.582291666667 0.250462962963 0.0270833333333 0.106481481481
0 0.60546875 0.427777777778 0.0411458333333 0.0592592592593
0 0.751041666667 0.475925925926 0.0458333333333 0.0351851851852
0 0.752083333333 0.523148148148 0.0458333333333 0.0351851851852
0 0.808333333333 0.512962962963 0.0427083333333 0.0314814814815
0 0.8328125 0.472222222222 0.0416666666667 0.0333333333333
0 0.863020833333 0.518055555556 0.04375 0.0324074074074
0 0.93046875 0.515277777778 0.0421875 0.0324074074074
0 0.485677083333 0.0597222222222 0.0213541666667 0.0731481481481
0 0.516666666667 0.0884259259259 0.021875 0.0731481481481
