2 0.321 0.607555555556 0.1095 0.0391111111111
2 0.503125 0.659333333333 0.03425 0.158666666667
2 0.848875 0.523111111111 0.08775 0.0337777777778
0 0.467875 0.419777777778 0.03025 0.0564444444444
0 0.533625 0.357333333333 0.01725 0.0515555555556
0 0.560875 0.466666666667 0.02075 0.0577777777778
0 0.537125 0.559777777778 0.01725 0.0635555555556
0 0.556125 0.742888888889 0.02075 0.0653333333333
0 0.601375 0.908222222222 0.02125 0.0653333333333
0 0.313 0.567777777778 0.0355 0.02
0 0.514375 0.240222222222 0.01775 0.06
0 0.52775 0.0802222222222 0.0195 0.0644444444444
0 0.557625 0.339333333333 0.01525 0.0644444444444
0 0.58375 0.348222222222 0.019 0.0635555555556
3 0.3655 0.570666666667 0.0375 0.0346666666667
0 0.7335 0.492444444444 0.0295 0.0275555555556
0 0.737625 0.456444444444 0.03425 0.0231111111111
0 0.778125 0.455555555556 0.03275 0.0293333333333
0 0.822625 0.452888888889 0.03375 0.0222222222222
0 0.861625 0.453555555556 0.03625 0.0271111111111
0 0.7355 0.527555555556 0.0325 0.0284444444444
0 0.777 0.528666666667 0.035 0.0244444444444
0 0.739125 0.599333333333 0.03625 0.0324444444444
0 0.856875 0.486666666667 0.03475 0.024
0 0.81275 0.488222222222 0.0355 0.0253333333333
0 0.774875 0.488666666667 0.03425 0.0262222222222
0 0.899125 0.481777777778 0.03675 0.0275555555556
0 0.948375 0.478666666667 0.03925 0.0275555555556
0 0.914875 0.517555555556 0.03125 0.0315555555556
0 0.959625 0.514666666667 0.03575 0.0231111111111
0 0.017625 0.641333333333 0.03425 0.0266666666667
