1 0.53671875 0.471296296296 0.0421875 0.0388888888889
3 0.570052083333 0.320833333333 0.0359375 0.0361111111111
3 0.209895833333 0.52037037037 0.0364583333333 0.0296296296296
0 0.0408854166667 0.486111111111 0.0380208333333 0.0259259259259
0 0.129166666667 0.488425925926 0.0364583333333 0.0268518518519
0 0.2765625 0.518055555556 0.034375 0.0305555555556
0 0.352864583333 0.515740740741 0.0317708333333 0.0259259259259
0 0.415885416667 0.543981481481 0.0307291666667 0.0435185185185
0 0.4546875 0.655092592593 0.0197916666667 0.0564814814815
0 0.49453125 0.702314814815 0.0161458333333 0.0546296296296
0 0.498958333333 0.901851851852 0.0135416666667 0.062962962963
0 0.493229166667 0.781018518519 0.0135416666667 0.0601851851852
0 0.472395833333 0.860185185185 0.0145833333333 0.0611111111111
0 0.626041666667 0.449074074074 0.03125 0.0277777777778
0 0.9078125 0.431944444444 0.0333333333333 0.0268518518519
0 0.866927083333 0.437962962963 0.0286458333333 0.0222222222222
2 0.708072916667 0.372222222222 0.100520833333 0.0407407407407
