2 0.0671875 0.711111111111 0.120833333333 0.0925925925926
2 0.388020833333 0.462962962963 0.157291666667 0.148148148148
0 0.0981770833333 0.637962962963 0.0484375 0.0462962962963
0 0.16484375 0.610185185185 0.0411458333333 0.0425925925926
0 0.158072916667 0.667592592593 0.0453125 0.0444444444444
0 0.223177083333 0.638888888889 0.0421875 0.0407407407407
0 0.240364583333 0.585648148148 0.0432291666667 0.0435185185185
0 0.308854166667 0.547222222222 0.0416666666667 0.0407407407407
0 0.27734375 0.618981481481 0.0359375 0.0398148148148
0 0.504947916667 0.637962962963 0.0265625 0.0611111111111
0 0.556510416667 0.220833333333 0.0182291666667 0.0694444444444
0 0.788020833333 0.4875 0.0427083333333 0.037962962963
0 0.838802083333 0.490740740741 0.0421875 0.0351851851852
0 0.438802083333 0.0449074074074 0.0203125 0.0712962962963
