0 0.38975 0.632444444444 0.0385 0.0337777777778
0 0.244125 0.659777777778 0.04425 0.0422222222222
0 0.126625 0.636666666667 0.04625 0.0502222222222
0 0.094875 0.520888888889 0.04325 0.0524444444444
0 0.099125 0.710888888889 0.04325 0.0413333333333
0 0.26575 0.494444444444 0.0355 0.0671111111111
0 0.306 0.332 0.0235 0.064
0 0.259 0.128222222222 0.0195 0.076
0 0.234375 0.162888888889 0.01775 0.0608888888889
0 0.311625 0.0673333333333 0.02175 0.0715555555556
0 0.522125 0.592444444444 0.03675 0.0337777777778
0 0.54075 0.534888888889 0.0385 0.0368888888889
0 0.545125 0.490222222222 0.04025 0.0355555555556
0 0.61125 0.507111111111 0.0385 0.0382222222222
0 0.6935 0.719777777778 0.041 0.0377777777778
0 0.7165 0.579777777778 0.0385 0.0377777777778
0 0.63925 0.610444444444 0.039 0.0377777777778
0 0.582125 0.600888888889 0.03975 0.0382222222222
0 0.58875 0.548666666667 0.0445 0.0386666666667
0 0.66475 0.516666666667 0.0415 0.0377777777778
0 0.811125 0.597111111111 0.04025 0.0368888888889
0 0.8915 0.619333333333 0.044 0.0413333333333
0 0.9655 0.600888888889 0.045 0.0444444444444
0 0.972875 0.653111111111 0.04325 0.0431111111111
0 0.85475 0.561555555556 0.0415 0.0368888888889
0 0.258625 0.0262222222222 0.02025 0.0506666666667
1 0.496625 0.636 0.05925 0.0453333333333
3 0.741125 0.520444444444 0.06175 0.0622222222222
0 0.642875 0.563333333333 0.04275 0.036
