0 0.5885 0.513555555556 0.013 0.0377777777778
0 0.573625 0.474 0.01075 0.0351111111111
0 0.609375 0.426666666667 0.01125 0.0328888888889
0 0.623 0.571555555556 0.015 0.04
0 0.56825 0.775777777778 0.014 0.0484444444444
0 0.5845 0.857777777778 0.0135 0.0524444444444
0 0.546375 0.838222222222 0.01425 0.0471111111111
0 0.567125 0.827111111111 0.01525 0.0444444444444
0 0.565625 0.876666666667 0.01375 0.0422222222222
0 0.543 0.903555555556 0.016 0.0515555555556
0 0.562625 0.936666666667 0.01375 0.0502222222222
0 0.5395 0.966222222222 0.016 0.0568888888889
3 0.51675 0.851333333333 0.0285 0.0822222222222
3 0.515 0.509777777778 0.0165 0.056
3 0.52625 0.376666666667 0.0165 0.0484444444444
