0 0.245833333333 0.468981481481 0.0479166666667 0.0361111111111
0 0.272135416667 0.592592592593 0.0442708333333 0.0314814814815
0 0.276041666667 0.639814814815 0.0427083333333 0.0351851851852
0 0.353385416667 0.433333333333 0.0463541666667 0.0444444444444
0 0.5015625 0.528703703704 0.0208333333333 0.0722222222222
3 0.497916666667 0.2875 0.0229166666667 0.0861111111111
0 0.40234375 0.710185185185 0.0432291666667 0.0462962962963
0 0.515104166667 0.743518518519 0.0239583333333 0.0777777777778
0 0.752083333333 0.469907407407 0.046875 0.0361111111111
0 0.754166666667 0.518981481481 0.046875 0.0361111111111
0 0.810677083333 0.506944444444 0.0432291666667 0.0305555555556
0 0.812760416667 0.466666666667 0.0432291666667 0.0333333333333
0 0.876822916667 0.467592592593 0.0473958333333 0.0351851851852
0 0.866145833333 0.511111111111 0.0427083333333 0.0351851851852
0 0.919270833333 0.508796296296 0.0416666666667 0.0305555555556
0 0.91953125 0.556481481481 0.0442708333333 0.0314814814815
2 0.825260416667 0.557407407407 0.111979166667 0.0444444444444
0 0.9546875 0.466666666667 0.0458333333333 0.037037037037
0 0.96953125 0.5125 0.0463541666667 0.037962962963
