0 0.43525 0.7145 0.0165 0.0203333333333
0 0.441875 0.724666666667 0.01675 0.0213333333333
0 0.4475 0.7365 0.0155 0.019
0 0.453125 0.748333333333 0.01725 0.0206666666667
0 0.45925 0.7605 0.018 0.0203333333333
0 0.46525 0.771833333333 0.018 0.0203333333333
0 0.47175 0.783666666667 0.016 0.0206666666667
0 0.48175 0.791333333333 0.015 0.0226666666667
0 0.6045 0.783 0.0155 0.024
0 0.694 0.943833333333 0.0165 0.0256666666667
0 0.6745 0.913 0.017 0.026
0 0.381625 0.504333333333 0.01475 0.0226666666667
0 0.489 0.314666666667 0.0175 0.0206666666667
0 0.473875 0.221333333333 0.01875 0.022
0 0.493125 0.2045 0.01875 0.021
0 0.5125 0.1885 0.016 0.0183333333333
0 0.529125 0.176166666667 0.01825 0.0203333333333
0 0.56025 0.153833333333 0.021 0.021
2 0.732 0.1205 0.047 0.051
0 0.735125 0.096 0.01775 0.0166666666667
0 0.804875 0.0893333333333 0.01825 0.0193333333333
0 0.71875 0.0548333333333 0.017 0.0183333333333
0 0.739125 0.0205 0.01625 0.0183333333333
0 0.76625 0.019 0.0195 0.02
0 0.269375 0.257166666667 0.01475 0.0223333333333
0 0.307125 0.182833333333 0.00925 0.0223333333333
0 0.281625 0.130333333333 0.01275 0.024
0 0.274 0.109833333333 0.0115 0.0276666666667
0 0.266375 0.0911666666667 0.01125 0.023
0 0.2005 0.108166666667 0.015 0.0256666666667
3 0.256875 0.0801666666667 0.01975 0.0376666666667
0 0.246 0.0471666666667 0.0155 0.0216666666667
0 0.240375 0.0331666666667 0.01425 0.021
1 0.23125 0.023 0.0235 0.0346666666667
0 0.1995 0.0255 0.0155 0.0236666666667
0 0.158875 0.135333333333 0.01325 0.026
0 0.151625 0.122333333333 0.01425 0.026
0 0.113375 0.0298333333333 0.01375 0.029
0 0.119125 0.0473333333333 0.01375 0.0246666666667
0 0.127125 0.0605 0.01375 0.0303333333333
0 0.9005 0.923833333333 0.0105 0.0243333333333
0 0.899875 0.955 0.01075 0.0273333333333
0 0.924125 0.943666666667 0.01425 0.026
0 0.930625 0.963833333333 0.01975 0.017
0 0.930625 0.908833333333 0.01775 0.0203333333333
0 0.938625 0.980166666667 0.01775 0.011
0 0.90125 0.985 0.0165 0.0253333333333
0 0.944375 0.991 0.02025 0.0133333333333
3 0.616125 0.0118333333333 0.02875 0.023
0 0.494625 0.5725 0.01625 0.027
0 0.528375 0.637333333333 0.01825 0.0313333333333
0 0.541625 0.664666666667 0.01725 0.0266666666667
0 0.560875 0.698333333333 0.01725 0.0266666666667
