0 0.353625 0.896 0.01025 0.0284444444444
0 0.3725 0.900222222222 0.009 0.0253333333333
0 0.389875 0.862444444444 0.01075 0.0262222222222
0 0.393625 0.758888888889 0.00825 0.0182222222222
0 0.3835 0.734222222222 0.0085 0.0195555555556
0 0.468375 0.760666666667 0.00925 0.0226666666667
0 0.472125 0.814666666667 0.00925 0.024
0 0.478 0.926444444444 0.0095 0.0333333333333
0 0.479375 0.962222222222 0.01075 0.0293333333333
0 0.44025 0.797111111111 0.017 0.0137777777778
0 0.4395 0.809555555556 0.018 0.012
0 0.439625 0.827111111111 0.01675 0.0151111111111
0 0.44025 0.84 0.0185 0.0142222222222
0 0.43875 0.852444444444 0.018 0.0124444444444
0 0.44125 0.863555555556 0.0185 0.0133333333333
0 0.44125 0.874 0.022 0.0155555555556
0 0.441 0.887777777778 0.0205 0.0155555555556
0 0.4405 0.899555555556 0.0205 0.0142222222222
0 0.44075 0.911777777778 0.023 0.02
0 0.441625 0.937111111111 0.02275 0.0155555555556
0 0.441875 0.950666666667 0.02075 0.0177777777778
3 0.472375 0.844666666667 0.00975 0.0297777777778
0 0.442125 0.977333333333 0.02075 0.0177777777778
0 0.442375 0.964666666667 0.02025 0.0155555555556
0 0.336625 0.756888888889 0.01425 0.0186666666667
0 0.339875 0.743777777778 0.01625 0.0182222222222
0 0.33925 0.734444444444 0.016 0.0155555555556
0 0.339875 0.724888888889 0.01625 0.0151111111111
0 0.3435 0.709333333333 0.017 0.016
3 0.467125 0.736222222222 0.00825 0.0235555555556
0 0.466375 0.716444444444 0.00775 0.0186666666667
0 0.465 0.698 0.0065 0.0146666666667
0 0.464125 0.680444444444 0.00675 0.0177777777778
0 0.463 0.662888888889 0.007 0.0182222222222
0 0.461125 0.634 0.00675 0.0155555555556
0 0.46025 0.619777777778 0.007 0.0164444444444
0 0.459625 0.602444444444 0.00675 0.0146666666667
0 0.39 0.609111111111 0.007 0.0137777777778
0 0.396125 0.686 0.00725 0.0155555555556
0 0.369125 0.632 0.00625 0.016
3 0.402375 0.579333333333 0.00675 0.0155555555556
0 0.385 0.540888888889 0.005 0.0142222222222
0 0.403875 0.516444444444 0.00575 0.0115555555556
0 0.398375 0.482888888889 0.00525 0.00933333333333
0 0.39775 0.506444444444 0.005 0.012
0 0.45925 0.590222222222 0.006 0.0124444444444
0 0.45875 0.575555555556 0.0065 0.0142222222222
0 0.4415 0.539777777778 0.0065 0.0146666666667
0 0.46125 0.534 0.0105 0.0102222222222
0 0.461125 0.528666666667 0.01125 0.00844444444444
0 0.443125 0.52 0.00675 0.0115555555556
0 0.442375 0.510222222222 0.00525 0.00977777777778
0 0.44225 0.501333333333 0.0055 0.0106666666667
0 0.441875 0.481111111111 0.00475 0.0111111111111
0 0.401875 0.404444444444 0.00525 0.00977777777778
0 0.4015 0.428222222222 0.0055 0.00933333333333
0 0.58225 0.651555555556 0.0125 0.0142222222222
0 0.597875 0.649333333333 0.00825 0.0168888888889
0 0.605125 0.646 0.00925 0.0164444444444
0 0.5975 0.635555555556 0.007 0.0168888888889
0 0.589625 0.636 0.00625 0.0151111111111
0 0.579 0.643111111111 0.013 0.0124444444444
0 0.578375 0.637111111111 0.01275 0.012
0 0.591625 0.618 0.00975 0.0137777777778
0 0.57825 0.625333333333 0.013 0.0142222222222
