0 0.4640625 0.317592592593 0.015625 0.0722222222222
0 0.491145833333 0.27037037037 0.0166666666667 0.0685185185185
0 0.536458333333 0.315277777778 0.0197916666667 0.0787037037037
0 0.573177083333 0.255555555556 0.0192708333333 0.0740740740741
0 0.491927083333 0.406481481481 0.0192708333333 0.0703703703704
0 0.28828125 0.563425925926 0.0442708333333 0.0435185185185
0 0.165364583333 0.627777777778 0.0442708333333 0.0592592592593
0 0.222395833333 0.59537037037 0.040625 0.0407407407407
0 0.206510416667 0.651388888889 0.0380208333333 0.0435185185185
0 0.257291666667 0.625925925926 0.0458333333333 0.0462962962963
0 0.405208333333 0.673148148148 0.0447916666667 0.0518518518519
0 0.544010416667 0.656018518519 0.0192708333333 0.0675925925926
2 0.464583333333 0.535185185185 0.0260416666667 0.183333333333
2 0.581770833333 0.888425925926 0.0302083333333 0.219444444444
0 0.553385416667 0.896296296296 0.0192708333333 0.0759259259259
0 0.528125 0.913425925926 0.0177083333333 0.075
0 0.502604166667 0.953240740741 0.0197916666667 0.0787037037037
