0 0.16953125 0.625 0.0432291666667 0.0611111111111
2 0.1296875 0.690277777778 0.119791666667 0.0861111111111
0 0.0244791666667 0.738888888889 0.0458333333333 0.05
0 0.20859375 0.649537037037 0.0411458333333 0.0453703703704
0 0.259895833333 0.625 0.0489583333333 0.0444444444444
0 0.22578125 0.590277777778 0.0421875 0.0490740740741
0 0.290104166667 0.559722222222 0.046875 0.0472222222222
0 0.5046875 0.706018518519 0.028125 0.0712962962963
0 0.584895833333 0.666203703704 0.0270833333333 0.0731481481481
0 0.553385416667 0.810648148148 0.0192708333333 0.0787037037037
0 0.527864583333 0.859722222222 0.0192708333333 0.0731481481481
0 0.864322916667 0.450462962963 0.0432291666667 0.037962962963
0 0.7875 0.441666666667 0.046875 0.0388888888889
0 0.79140625 0.488888888889 0.0411458333333 0.037037037037
0 0.321614583333 0.658796296296 0.0411458333333 0.0398148148148
