2 0.577604166667 0.487962962963 0.0260416666667 0.185185185185
2 0.359635416667 0.698611111111 0.166145833333 0.062037037037
0 0.542708333333 0.781481481481 0.028125 0.0814814814815
0 0.581510416667 0.705555555556 0.0223958333333 0.0796296296296
0 0.628645833333 0.784722222222 0.0260416666667 0.0787037037037
0 0.492447916667 0.933333333333 0.0213541666667 0.0777777777778
0 0.516666666667 0.0583333333333 0.0208333333333 0.0759259259259
0 0.641145833333 0.439351851852 0.0354166666667 0.0435185185185
0 0.753385416667 0.506944444444 0.0411458333333 0.0324074074074
0 0.752864583333 0.643518518519 0.0411458333333 0.0333333333333
0 0.828645833333 0.502777777778 0.0395833333333 0.0314814814815
0 0.928385416667 0.495833333333 0.0432291666667 0.0324074074074
0 0.165885416667 0.507407407407 0.0453125 0.0314814814815
3 0.78359375 0.468055555556 0.0411458333333 0.0342592592593
