0 0.333333333333 0.502314814815 0.040625 0.0324074074074
0 0.28125 0.691203703704 0.0427083333333 0.0324074074074
2 0.5875 0.585185185185 0.105208333333 0.0925925925926
2 0.7171875 0.652314814815 0.109375 0.0972222222222
0 0.826041666667 0.555555555556 0.0427083333333 0.0314814814815
0 0.724739583333 0.563425925926 0.0442708333333 0.0287037037037
0 0.6734375 0.506944444444 0.0447916666667 0.0324074074074
0 0.934895833333 0.551388888889 0.0416666666667 0.0287037037037
0 0.98046875 0.499537037037 0.0369791666667 0.0342592592593
2 0.576822916667 0.152777777778 0.0328125 0.194444444444
3 0.477864583333 0.1375 0.0213541666667 0.0731481481481
