0 0.0328125 0.459722222222 0.04375 0.0342592592593
0 0.27109375 0.596759259259 0.0421875 0.0324074074074
0 0.273958333333 0.643981481481 0.0427083333333 0.0361111111111
0 0.569791666667 0.671759259259 0.0208333333333 0.075
0 0.648177083333 0.718055555556 0.0328125 0.0601851851852
0 0.525 0.413425925926 0.0177083333333 0.0712962962963
0 0.506510416667 0.200925925926 0.0192708333333 0.0740740740741
0 0.483072916667 0.0898148148148 0.0213541666667 0.0759259259259
0 0.51328125 0.0699074074074 0.0203125 0.0712962962963
0 0.618229166667 0.836574074074 0.021875 0.0805555555556
0 0.733333333333 0.646296296296 0.046875 0.0407407407407
0 0.750260416667 0.475462962963 0.0453125 0.037962962963
0 0.752604166667 0.523611111111 0.046875 0.0342592592593
0 0.809375 0.512962962963 0.0416666666667 0.0314814814815
0 0.811197916667 0.471759259259 0.0421875 0.0324074074074
0 0.87421875 0.474074074074 0.0473958333333 0.0333333333333
0 0.864322916667 0.516666666667 0.0432291666667 0.0351851851852
0 0.917447916667 0.515740740741 0.0411458333333 0.0296296296296
0 0.96796875 0.518518518519 0.0453125 0.0351851851852
