2 0.5015625 0.756944444444 0.065625 0.191666666667
0 0.560677083333 0.736111111111 0.0328125 0.0685185185185
0 0.640364583333 0.6 0.0411458333333 0.05
0 0.619270833333 0.508333333333 0.0354166666667 0.0296296296296
0 0.439583333333 0.509259259259 0.0395833333333 0.0333333333333
0 0.405208333333 0.401388888889 0.0385416666667 0.0583333333333
0 0.0528645833333 0.496296296296 0.0453125 0.0333333333333
0 0.280208333333 0.688888888889 0.0447916666667 0.0314814814815
2 0.878125 0.649537037037 0.1125 0.0472222222222
0 0.7953125 0.554166666667 0.0395833333333 0.0287037037037
0 0.912239583333 0.504166666667 0.0390625 0.0342592592593
0 0.515885416667 0.0578703703704 0.0213541666667 0.0768518518519
