0 0.532552083333 0.459259259259 0.0234375 0.0740740740741
0 0.730989583333 0.523611111111 0.0421875 0.037962962963
0 0.748697916667 0.481944444444 0.0411458333333 0.0324074074074
0 0.575260416667 0.217592592593 0.0203125 0.0648148148148
0 0.45078125 0.337037037037 0.0328125 0.0685185185185
0 0.388541666667 0.426851851852 0.0447916666667 0.0555555555556
0 0.2640625 0.468981481481 0.040625 0.0361111111111
0 0.223697916667 0.590277777778 0.0463541666667 0.0361111111111
0 0.290364583333 0.599074074074 0.0453125 0.0333333333333
0 0.0901041666667 0.586111111111 0.053125 0.0388888888889
0 0.163541666667 0.5875 0.040625 0.0342592592593
0 0.15859375 0.501851851852 0.0536458333333 0.0388888888889
2 0.160416666667 0.642592592593 0.11875 0.05
2 0.2859375 0.643055555556 0.04375 0.0324074074074
2 0.246875 0.692592592593 0.046875 0.037037037037
0 0.4828125 0.152777777778 0.0208333333333 0.0740740740741
0 0.754947916667 0.566666666667 0.0442708333333 0.0314814814815
0 0.79296875 0.52037037037 0.0442708333333 0.0296296296296
0 0.848958333333 0.522222222222 0.0458333333333 0.037037037037
0 0.739583333333 0.618981481481 0.0385416666667 0.0324074074074
0 0.906770833333 0.518518518519 0.04375 0.0333333333333
0 0.975260416667 0.520833333333 0.0463541666667 0.0342592592593
