2 0.053125 0.318981481481 0.0875 0.0398148148148
2 0.268229166667 0.403240740741 0.16875 0.0398148148148
2 0.663020833333 0.365740740741 0.0989583333333 0.0388888888889
3 0.261458333333 0.508796296296 0.0520833333333 0.0342592592593
3 0.462239583333 0.405092592593 0.0328125 0.0601851851852
0 0.0692708333333 0.483333333333 0.0354166666667 0.0240740740741
0 0.170572916667 0.480555555556 0.0296875 0.0240740740741
0 0.215885416667 0.488425925926 0.0328125 0.0268518518519
0 0.134375 0.351851851852 0.0302083333333 0.0222222222222
0 0.309375 0.330555555556 0.0291666666667 0.0240740740741
0 0.489583333333 0.281481481481 0.0260416666667 0.0240740740741
0 0.750520833333 0.263888888889 0.028125 0.0222222222222
0 0.703125 0.291666666667 0.03125 0.0259259259259
0 0.663020833333 0.291666666667 0.028125 0.0240740740741
0 0.609375 0.292592592593 0.0270833333333 0.0240740740741
0 0.569270833333 0.292592592593 0.0291666666667 0.0203703703704
0 0.568229166667 0.31712962963 0.03125 0.0231481481481
0 0.65703125 0.474074074074 0.0307291666667 0.0240740740741
0 0.74375 0.430092592593 0.0291666666667 0.0231481481481
0 0.90078125 0.418055555556 0.0307291666667 0.025
0 0.852864583333 0.426388888889 0.0286458333333 0.0231481481481
0 0.314583333333 0.476388888889 0.028125 0.0231481481481
0 0.3671875 0.475925925926 0.0322916666667 0.0222222222222
0 0.40078125 0.524537037037 0.0307291666667 0.0342592592593
0 0.4484375 0.624537037037 0.0208333333333 0.0527777777778
0 0.505989583333 0.556481481481 0.0151041666667 0.05
0 0.459114583333 0.79212962963 0.0161458333333 0.062037037037
3 0.121614583333 0.481018518519 0.0401041666667 0.0287037037037
