0 0.01875 0.50462962963 0.0354166666667 0.0240740740741
0 0.137239583333 0.495833333333 0.0359375 0.0268518518519
0 0.33828125 0.522222222222 0.0328125 0.0259259259259
0 0.3515625 0.487037037037 0.03125 0.0259259259259
0 0.436979166667 0.481944444444 0.03125 0.025
0 0.55625 0.475462962963 0.03125 0.0268518518519
0 0.527083333333 0.537962962963 0.0239583333333 0.0444444444444
0 0.42578125 0.592592592593 0.0234375 0.05
0 0.454166666667 0.735648148148 0.0166666666667 0.0638888888889
0 0.483333333333 0.729166666667 0.0166666666667 0.0601851851852
0 0.48671875 0.82037037037 0.0161458333333 0.0592592592593
0 0.492708333333 0.958333333333 0.015625 0.062962962963
0 0.903645833333 0.42037037037 0.0291666666667 0.0259259259259
0 0.843229166667 0.426851851852 0.0302083333333 0.0222222222222
0 0.748177083333 0.431481481481 0.0317708333333 0.0222222222222
0 0.6828125 0.436111111111 0.0354166666667 0.0296296296296
2 0.559635416667 0.403240740741 0.0984375 0.0435185185185
