3 0.27578125 0.501851851852 0.0473958333333 0.0388888888889
3 0.365104166667 0.500925925926 0.0489583333333 0.0407407407407
0 0.432552083333 0.562962962963 0.0265625 0.0481481481481
0 0.4453125 0.708796296296 0.0145833333333 0.0583333333333
0 0.494010416667 0.694444444444 0.0151041666667 0.0537037037037
0 0.492447916667 0.772222222222 0.0171875 0.062962962963
0 0.498177083333 0.893055555556 0.0140625 0.0638888888889
3 0.444270833333 0.961111111111 0.0145833333333 0.0740740740741
0 0.219791666667 0.510185185185 0.034375 0.0222222222222
0 0.1609375 0.512037037037 0.03125 0.0259259259259
0 0.0604166666667 0.521296296296 0.0375 0.0314814814815
0 0.77109375 0.451851851852 0.0296875 0.0277777777778
0 0.907552083333 0.424537037037 0.0338541666667 0.0268518518519
3 0.578125 0.313425925926 0.034375 0.0342592592593
