0 0.443375 0.644888888889 0.03775 0.0568888888889
0 0.5115 0.832 0.0225 0.0746666666667
0 0.779625 0.539777777778 0.04475 0.044
0 0.456 0.160888888889 0.0195 0.0675555555556
0 0.480875 0.127111111111 0.02075 0.08
0 0.481 0.0231111111111 0.022 0.0462222222222
0 0.05025 0.760888888889 0.0485 0.0444444444444
0 0.06175 0.812444444444 0.0445 0.0444444444444
0 0.124 0.786666666667 0.048 0.0497777777778
0 0.125125 0.734 0.04325 0.0448888888889
0 0.17875 0.709111111111 0.0415 0.0422222222222
0 0.19075 0.754 0.048 0.0431111111111
1 0.255875 0.732 0.06925 0.064
0 0.261625 0.678666666667 0.04275 0.0444444444444
2 0.236375 0.793555555556 0.16525 0.111555555556
2 0.415125 0.787111111111 0.10475 0.12
