0 0.27265625 0.591666666667 0.0432291666667 0.0314814814815
0 0.27578125 0.638888888889 0.0421875 0.0351851851852
0 0.282552083333 0.683333333333 0.0432291666667 0.0314814814815
0 0.751041666667 0.468518518519 0.046875 0.037037037037
0 0.81171875 0.465277777778 0.0421875 0.0342592592593
0 0.875520833333 0.466203703704 0.0479166666667 0.0361111111111
0 0.953645833333 0.465740740741 0.0447916666667 0.0333333333333
0 0.96875 0.510185185185 0.0458333333333 0.0351851851852
0 0.91875 0.555092592593 0.0427083333333 0.0287037037037
2 0.824479166667 0.555555555556 0.111458333333 0.0425925925926
0 0.81015625 0.505555555556 0.0421875 0.0296296296296
0 0.753645833333 0.51712962963 0.0447916666667 0.0342592592593
0 0.865364583333 0.509259259259 0.0421875 0.0333333333333
0 0.91796875 0.507407407407 0.0411458333333 0.0296296296296
