0 0.09675 0.567555555556 0.042 0.0346666666667
0 0.124 0.467333333333 0.035 0.0315555555556
0 0.36575 0.449777777778 0.033 0.0302222222222
0 0.447125 0.444444444444 0.03375 0.0453333333333
0 0.541375 0.396 0.01725 0.0515555555556
0 0.54575 0.190888888889 0.0155 0.0582222222222
0 0.65525 0.554444444444 0.0345 0.036
0 0.7255 0.572888888889 0.0315 0.0284444444444
0 0.417 0.649111111111 0.036 0.0253333333333
0 0.337625 0.649777777778 0.03725 0.0266666666667
0 0.316875 0.569777777778 0.03375 0.0266666666667
0 0.602625 0.908666666667 0.02125 0.0644444444444
0 0.7385 0.530666666667 0.0315 0.0284444444444
0 0.7775 0.528666666667 0.035 0.0306666666667
0 0.736375 0.494 0.03075 0.0244444444444
0 0.776375 0.490444444444 0.03375 0.0315555555556
0 0.816375 0.490444444444 0.03425 0.0253333333333
0 0.859875 0.489111111111 0.03725 0.0253333333333
0 0.901625 0.483555555556 0.03675 0.0284444444444
0 0.739125 0.456 0.03375 0.0284444444444
0 0.781375 0.456222222222 0.03425 0.0306666666667
0 0.82525 0.456 0.038 0.0284444444444
0 0.864 0.453555555556 0.035 0.0253333333333
0 0.951625 0.482444444444 0.04075 0.0306666666667
0 0.917875 0.517777777778 0.03375 0.0275555555556
0 0.961125 0.513555555556 0.03625 0.0271111111111
1 0.503625 0.324444444444 0.03675 0.0915555555556
3 0.366625 0.571777777778 0.04075 0.0306666666667
3 0.52775 0.147111111111 0.0195 0.0693333333333
2 0.850875 0.526 0.08825 0.0377777777778
2 0.3225 0.610444444444 0.11 0.0422222222222
