0 0.0416666666667 0.308796296296 0.0364583333333 0.0268518518519
2 0.168489583333 0.369444444444 0.1078125 0.0407407407407
0 0.1375 0.472685185185 0.034375 0.025
0 0.17578125 0.500462962963 0.0338541666667 0.0268518518519
0 0.27578125 0.471759259259 0.0307291666667 0.025
0 0.317708333333 0.500925925926 0.034375 0.0277777777778
0 0.359635416667 0.468981481481 0.0317708333333 0.025
0 0.3953125 0.515277777778 0.034375 0.0342592592593
0 0.445052083333 0.601388888889 0.0203125 0.0453703703704
0 0.441927083333 0.754166666667 0.0151041666667 0.062037037037
0 0.4890625 0.666203703704 0.0145833333333 0.0509259259259
0 0.491145833333 0.761111111111 0.0145833333333 0.0574074074074
0 0.4953125 0.842592592593 0.0135416666667 0.0648148148148
0 0.4984375 0.939814814815 0.01875 0.0833333333333
0 0.547135416667 0.511574074074 0.0276041666667 0.0472222222222
0 0.5265625 0.439351851852 0.03125 0.0268518518519
0 0.492447916667 0.334259259259 0.0265625 0.0388888888889
0 0.868489583333 0.42037037037 0.0276041666667 0.0277777777778
0 0.82578125 0.418518518519 0.0307291666667 0.0222222222222
0 0.811979166667 0.45462962963 0.03125 0.0240740740741
0 0.697916666667 0.459722222222 0.0354166666667 0.025
0 0.721875 0.428703703704 0.0270833333333 0.0222222222222
3 0.782291666667 0.414814814815 0.0375 0.0314814814815
2 0.8296875 0.35462962963 0.1 0.0388888888889
0 0.813802083333 0.306944444444 0.0296875 0.0212962962963
