2 0.4921875 0.375462962963 0.096875 0.0398148148148
2 0.643489583333 0.398148148148 0.1640625 0.0462962962963
0 0.110416666667 0.353240740741 0.0302083333333 0.0231481481481
0 0.189583333333 0.353240740741 0.03125 0.0231481481481
0 0.3328125 0.326388888889 0.0302083333333 0.025
0 0.096875 0.491666666667 0.0354166666667 0.0222222222222
0 0.225520833333 0.518981481481 0.0333333333333 0.025
3 0.1875 0.486574074074 0.0364583333333 0.0287037037037
0 0.331770833333 0.484259259259 0.028125 0.0259259259259
0 0.326822916667 0.516203703704 0.0338541666667 0.0231481481481
0 0.42578125 0.478240740741 0.0317708333333 0.025
0 0.451302083333 0.659259259259 0.0192708333333 0.05
0 0.513541666667 0.599074074074 0.0145833333333 0.0444444444444
0 0.445052083333 0.820833333333 0.0130208333333 0.0601851851852
0 0.534375 0.478240740741 0.0322916666667 0.0231481481481
0 0.627083333333 0.467592592593 0.028125 0.0259259259259
0 0.706510416667 0.498611111111 0.0286458333333 0.0268518518519
0 0.566666666667 0.323611111111 0.0322916666667 0.025
0 0.658854166667 0.296759259259 0.0291666666667 0.025
0 0.7046875 0.270833333333 0.0291666666667 0.0212962962963
0 0.701041666667 0.29537037037 0.0302083333333 0.0259259259259
0 0.90859375 0.424074074074 0.0276041666667 0.0240740740741
0 0.839583333333 0.425462962963 0.0302083333333 0.0231481481481
0 0.85234375 0.463888888889 0.0307291666667 0.0222222222222
