2 0.140104166667 0.633796296296 0.176041666667 0.0527777777778
0 0.210416666667 0.575462962963 0.040625 0.0342592592593
0 0.265625 0.581944444444 0.0416666666667 0.0342592592593
0 0.26328125 0.636574074074 0.0421875 0.0324074074074
0 0.50859375 0.565740740741 0.0203125 0.0759259259259
0 0.530208333333 0.381944444444 0.0177083333333 0.0787037037037
0 0.61796875 0.402314814815 0.0359375 0.0490740740741
0 0.477083333333 0.182407407407 0.01875 0.0777777777778
0 0.5125 0.118055555556 0.0177083333333 0.0712962962963
3 0.850520833333 0.62037037037 0.05 0.0425925925926
0 0.754427083333 0.456481481481 0.0401041666667 0.0314814814815
0 0.752604166667 0.496759259259 0.0416666666667 0.0287037037037
0 0.763020833333 0.539814814815 0.0427083333333 0.0314814814815
0 0.81640625 0.492592592593 0.0401041666667 0.0333333333333
0 0.815364583333 0.451851851852 0.0411458333333 0.0351851851852
0 0.941666666667 0.491666666667 0.0427083333333 0.0351851851852
0 0.885416666667 0.484722222222 0.04375 0.0324074074074
0 0.624739583333 0.857407407407 0.0213541666667 0.0703703703704
0 0.538020833333 0.921759259259 0.025 0.0824074074074
0 0.515885416667 0.965277777778 0.0255208333333 0.0657407407407
