0 0.019476814058956918 0.6267441860465116 0.01949155328798186 0.042933023255813954
0 0.3651400226757369 0.848753488372093 0.008383503401360544 0.07955395348837209
0 0.367812358276644 0.6989209302325582 0.023112074829931974 0.051666511627906975
0 0.46533843537414965 0.7390372093023256 0.021843650793650797 0.0515846511627907
0 0.20264399092970523 0.4594674418604651 0.022344784580498867 0.04654883720930232
0 0.44505158730158734 0.7421930232558139 0.012821655328798186 0.04208116279069767
0 0.21096541950113376 0.516860465116279 0.018507086167800457 0.04617767441860465
0 0.20734126984126985 0.5735883720930233 0.020214342403628117 0.05221116279069768
0 0.24410827664399096 0.532393023255814 0.01741547619047619 0.04228093023255814
0 0.23738662131519275 0.5800674418604651 0.02233781179138322 0.057035813953488376
0 0.1130952380952381 0.9580558139534884 0.008332539682539683 0.07986139534883721
0 0.27227097505668935 0.5913627906976744 0.021704024943310658 0.04736302325581395
0 0.30199206349206353 0.597839534883721 0.017421995464852607 0.0411353488372093
0 0.27488265306122445 0.5334720930232558 0.023638662131519272 0.045110232558139535
0 0.3033486394557823 0.4727581395348837 0.021298639455782312 0.05660674418604651
0 0.3594308390022675 0.4941860465116279 0.020339965986394558 0.0445946511627907
0 0.39749376417233556 0.4960953488372093 0.02308656462585034 0.05346325581395349
0 0.4212018140589569 0.5024906976744186 0.015256689342403628 0.040400697674418604
0 0.4512874149659864 0.5052325581395349 0.019855498866213152 0.04392441860465116
0 0.4943713151927438 0.5125418604651163 0.022674603174603174 0.045509999999999995
0 0.6907596371882087 0.16445186046511626 0.008704705215419502 0.06551883720930234
0 0.7677947845804989 0.24302325581395348 0.018674716553287982 0.07789697674418604
0 0.6832256235827665 0.8053976744186047 0.017456972789115646 0.04283744186046512
0 0.704812925170068 0.8048162790697675 0.01803781179138322 0.04092093023255814
0 0.7297959183673469 0.8080558139534884 0.01621281179138322 0.04295837209302326
0 0.7602437641723355 0.8077232558139535 0.0228390589569161 0.04433186046511628
0 0.7868707482993197 0.8147000000000001 0.020719557823129252 0.042215116279069764
0 0.8086337868480726 0.8199325581395349 0.017412414965986393 0.04408162790697675
0 0.9857256235827664 0.5219279069767442 0.017986451247165535 0.04483581395348837
0 0.9638378684807256 0.5174418604651163 0.020345351473922905 0.043068837209302324
0 0.9374376417233561 0.5131232558139535 0.01959557823129252 0.04249790697674419
0 0.9126360544217688 0.5103813953488372 0.016794331065759636 0.04173558139534884
0 0.8883219954648526 0.5047348837209302 0.021133163265306124 0.049341162790697675
0 0.85952947845805 0.5028232558139535 0.01799081632653061 0.04312093023255814
0 0.8314909297052154 0.49875348837209305 0.020137585034013604 0.04361232558139535
0 0.7654251700680272 0.4900325581395349 0.01844092970521542 0.04755837209302325
0 0.6246938775510205 0.4829744186046512 0.018760600907029478 0.03964093023255814
0 0.6055215419501134 0.48338837209302327 0.01571105442176871 0.043189302325581394
0 0.5827040816326531 0.47491627906976747 0.021485090702947848 0.05288790697674419
0 0.5568106575963719 0.4788209302325581 0.019814115646258505 0.03807953488372093
0 0.5358157596371882 0.47309069767441864 0.012623356009070295 0.04253767441860465
0 0.5139699546485261 0.4695186046511628 0.01713832199546485 0.04013232558139535
0 0.48973526077097507 0.4638697674418605 0.020892403628117912 0.04932534883720931
0 0.46220011337868483 0.4584720930232558 0.019949319727891157 0.045727906976744184
0 0.4374189342403628 0.45440232558139537 0.018901814058956915 0.04301674418604651
0 0.4146825396825397 0.45099767441860467 0.017621655328798187 0.04462883720930232
0 0.3906502267573696 0.4470093023255814 0.016183333333333334 0.046724883720930234
0 0.36811621315192744 0.44343953488372095 0.017951643990929706 0.04275046511627907
0 0.3450963718820862 0.43878837209302324 0.015499773242630386 0.04506627906976744
0 0.3226434240362812 0.4341372093023256 0.01788168934240363 0.040992325581395345
0 0.27935090702947846 0.6982558139534883 0.017671201814058957 0.04521720930232558
2 0.255102040816 0.451162790698 0.0566893424036 0.0976744186047
