0 0.04045187074829932 0.608139534883721 0.018602891156462586 0.041457441860465113
0 0.00925249433106576 0.5920255813953489 0.017748526077097506 0.034942093023255814
0 0.08606632653061225 0.10107976744186047 0.008277267573696146 0.0832793023255814
0 0.47534013605442177 0.6556488372093022 0.01879092970521542 0.0421746511627907
0 0.940515873015873 0.6585558139534883 0.023220748299319728 0.04012116279069767
0 0.9662471655328798 0.7112116279069768 0.022346315192743764 0.0422139534883721
0 0.194140589569161 0.421346511627907 0.020226303854875283 0.036283488372093026
0 0.9451927437641723 0.7137883720930231 0.01171672335600907 0.029829302325581394
0 0.19821031746031745 0.4712627906976744 0.0187531746031746 0.03898348837209302
0 0.1928044217687075 0.5324744186046512 0.01921371882086168 0.03712139534883721
0 0.2356456916099773 0.48347209302325583 0.01592828798185941 0.03432488372093023
0 0.22793140589569164 0.5338046511627907 0.02212108843537415 0.03898767441860465
0 0.11131349206349206 0.935132558139535 0.009923696145124717 0.08990162790697674
0 0.26781689342403625 0.5424418604651163 0.020846995464852604 0.03358139534883721
0 0.3003928571428572 0.5436046511627907 0.017816666666666665 0.037541627906976745
0 0.2701853741496599 0.48106279069767444 0.024144104308390025 0.04196395348837209
0 0.30148582766439913 0.42093023255813955 0.0221093537414966 0.042673720930232556
0 0.3573248299319728 0.4306488372093023 0.020724319727891155 0.03757209302325581
0 0.3958333333333333 0.43305581395348836 0.02270748299319728 0.04321906976744186
0 0.41972392290249433 0.43704418604651163 0.015015079365079365 0.04221883720930233
0 0.44958673469387755 0.43654418604651163 0.02015907029478458 0.037893953488372094
0 0.49220521541950113 0.4381232558139535 0.02294246031746032 0.03910674418604651
0 0.6883900226757369 0.05232558139534884 0.009958616780045351 0.07732813953488372
0 0.7657936507936507 0.1465946511627907 0.018954648526077096 0.07775813953488372
0 0.6819104308390024 0.7397837209302326 0.017900566893424036 0.03952139534883721
0 0.7032936507936507 0.7414441860465117 0.018381122448979593 0.03688558139534884
0 0.7284353741496599 0.7436046511627907 0.015973809523809526 0.040769302325581395
0 0.7586224489795919 0.7416116279069767 0.022468990929705217 0.035528837209302326
0 0.7853911564625851 0.7436046511627907 0.019870521541950115 0.0369146511627907
0 0.8073356009070295 0.747839534883721 0.017004705215419504 0.036201627906976744
0 0.8319557823129251 0.748339534883721 0.019318083900226758 0.03701767441860465
0 0.938656462585034 0.7558139534883721 0.016412925170068027 0.034327906976744184
0 0.9598696145124717 0.7571418604651163 0.016736507936507935 0.034661627906976744
0 0.9841269841269841 0.4309790697674419 0.019033786848072564 0.03370674418604651
0 0.9616553287981859 0.4270767441860465 0.019775 0.03547906976744186
0 0.9357369614512472 0.42392093023255817 0.01959829931972789 0.034551395348837215
0 0.9103684807256236 0.420846511627907 0.017034467120181408 0.036431627906976745
0 0.886218820861678 0.42093023255813955 0.022374943310657598 0.03711372093023256
0 0.8577324263038548 0.4204325581395349 0.016559297052154195 0.03455046511627907
0 0.8297675736961452 0.413953488372093 0.01935141723356009 0.03788558139534884
0 0.7633843537414965 0.4037372093023256 0.018860034013605444 0.033259069767441855
0 0.623015873015873 0.3994186046511628 0.019106916099773243 0.03538651162790698
0 0.6034183673469388 0.4009976744186047 0.016814739229024944 0.03499325581395349
0 0.5810430839002267 0.39767441860465114 0.02123826530612245 0.03992744186046512
0 0.5549484126984127 0.3965953488372093 0.01896683673469388 0.034957441860465115
0 0.5338514739229026 0.3946837209302326 0.012421541950113378 0.031766046511627906
0 0.5119858276643992 0.39219302325581396 0.016050793650793652 0.03246511627906977
0 0.48771031746031746 0.39244186046511625 0.020455668934240362 0.03661046511627907
0 0.4598112244897959 0.3898674418604651 0.01983622448979592 0.031078372093023256
0 0.4355765306122449 0.38654418604651164 0.01808401360544218 0.03245720930232558
0 0.4124756235827664 0.3875418604651163 0.017034637188208617 0.03127255813953488
0 0.3889903628117914 0.38463488372093024 0.015735657596371883 0.03245139534883721
0 0.36621315192743764 0.38131162790697676 0.018035090702947846 0.03540441860465116
0 0.3431326530612245 0.3783232558139535 0.015738378684807257 0.033548837209302323
0 0.320922335600907 0.37666046511627904 0.017914002267573698 0.032819767441860465
0 0.7580385487528345 0.6455232558139534 0.017555612244897958 0.03751232558139535
2 0.253401360544 0.413953488372 0.0578231292517 0.0697674418605
