0 0.01692579365079365 0.6147837209302326 0.01942517006802721 0.04183627906976744
0 0.08549943310657596 0.09941860465116278 0.008340986394557824 0.0859993023255814
0 0.4154314058956916 0.6804813953488372 0.018961451247165532 0.03648093023255814
0 0.7325056689342404 0.6669441860465116 0.022250226757369616 0.03960395348837209
0 0.8015646258503402 0.7218441860465116 0.021527777777777778 0.04057837209302325
0 0.19954648526077098 0.43305581395348836 0.01978951247165533 0.04580139534883721
0 0.7810997732426304 0.7215953488372093 0.011855952380952382 0.032425116279069764
0 0.20825226757369616 0.48712558139534884 0.018553911564625852 0.041253953488372096
0 0.20456746031746034 0.5476744186046512 0.01986592970521542 0.03611046511627907
0 0.2419421768707483 0.5002488372093024 0.016480385487528344 0.03421860465116279
0 0.23400566893424035 0.5514116279069767 0.020953684807256234 0.04143930232558139
0 0.11038208616780046 0.9466767441860465 0.009348185941043084 0.09076744186046512
0 0.26967913832199547 0.5591372093023256 0.02103265306122449 0.036623488372093026
0 0.2996434240362812 0.5633720930232559 0.017473922902494332 0.03577720930232558
0 0.27253401360544216 0.4998348837209302 0.023605272108843535 0.04283720930232558
0 0.3007772108843538 0.437706976744186 0.020813662131519275 0.04417930232558139
0 0.35659637188208615 0.4526581395348837 0.020615249433106574 0.04178395348837209
0 0.3948815192743764 0.4569767441860465 0.022403968253968256 0.04430279069767442
0 0.41877210884353744 0.4601325581395349 0.014528004535147392 0.0387393023255814
0 0.4488582766439909 0.46096279069767443 0.019947732426303856 0.03776976744186047
0 0.49167857142857146 0.46395348837209305 0.021731972789115647 0.039578837209302324
0 0.6882086167800453 0.09260790697674418 0.009424263038548753 0.07461674418604651
0 0.765 0.17890372093023257 0.01848248299319728 0.07727558139534883
0 0.6810827664399093 0.7640372093023255 0.018154024943310657 0.03731953488372093
0 0.7026020408163266 0.7647 0.018664002267573695 0.036698372093023256
0 0.7277097505668935 0.7663627906976744 0.01614518140589569 0.03742232558139535
0 0.7576530612244898 0.7650325581395349 0.022303004535147393 0.03358744186046512
0 0.7848412698412699 0.7692697674418605 0.020582256235827663 0.03632883720930232
0 0.8066893424036281 0.7741697674418604 0.017687131519274375 0.03818581395348837
0 0.9371371882086167 0.7843860465116279 0.01842324263038549 0.038864883720930235
0 0.959954648526077 0.7852999999999999 0.015565192743764172 0.03431441860465116
0 0.9839455782312926 0.45747441860465116 0.018933219954648528 0.036448372093023255
0 0.9614909297052154 0.4533232558139535 0.019956519274376416 0.03439813953488372
0 0.9354365079365079 0.45058139534883723 0.019315986394557824 0.03603418604651163
0 0.9106916099773242 0.44651162790697674 0.01626666666666667 0.03575883720930233
0 0.8860770975056689 0.44468372093023256 0.021393027210884354 0.04164139534883721
0 0.8572448979591837 0.44293953488372095 0.016538718820861678 0.035428604651162786
0 0.8290022675736961 0.43803953488372094 0.019623866213151927 0.037436511627906975
0 0.7624489795918368 0.434053488372093 0.018800510204081633 0.032675116279069764
0 0.6226303854875284 0.4289860465116279 0.019217120181405895 0.03279441860465116
0 0.6031972789115646 0.4304813953488372 0.01675079365079365 0.03456953488372093
0 0.5803344671201814 0.4259139534883721 0.02131201814058957 0.04145395348837209
0 0.5545839002267573 0.426246511627907 0.019764625850340136 0.03617046511627907
0 0.5331836734693878 0.4216767441860465 0.01246502267573696 0.03552023255813953
0 0.5118032879818595 0.4178581395348837 0.0169906462585034 0.03621116279069767
0 0.48685997732426306 0.4174418604651163 0.020334297052154195 0.03791372093023256
0 0.45926473922902494 0.4142860465116279 0.020465589569161 0.03562744186046512
0 0.43492857142857144 0.4095511627906977 0.018633106575963718 0.03535023255813954
0 0.4122528344671202 0.40946744186046513 0.01684484126984127 0.03521604651162791
0 0.3883826530612245 0.4054813953488372 0.015931462585034015 0.039433720930232556
0 0.36562585034013606 0.4026581395348837 0.017722108843537414 0.03709627906976744
0 0.3427273242630386 0.3981720930232558 0.01611043083900227 0.03615209302325582
0 0.32035544217687073 0.3964279069767442 0.018667743764172337 0.03470744186046512
0 0.5959637188208616 0.6662790697674419 0.017698526077097505 0.03956744186046512
2 0.253117913832 0.43023255814 0.0561224489796 0.0744186046512
