0 0.01990198412698413 0.6332232558139534 0.01972721088435374 0.04669232558139535
0 0.3649580498866213 0.913039534883721 0.013719727891156462 0.07265651162790698
0 0.27494331065759636 0.7087209302325581 0.024053344671201817 0.052233720930232555
0 0.37439285714285714 0.7566441860465117 0.022403344671201815 0.05556348837209302
0 0.20300850340136056 0.47117906976744184 0.023684580498866216 0.045370930232558136
0 0.35388321995464855 0.7591372093023255 0.013000566893424036 0.042176976744186044
0 0.21161337868480726 0.5280720930232559 0.018790192743764172 0.04825441860465116
0 0.20778684807256237 0.5852162790697675 0.018928174603174603 0.049986511627906974
0 0.2452828798185941 0.5446837209302325 0.01623095238095238 0.043672790697674414
0 0.23775113378684806 0.5917767441860465 0.023555952380952382 0.05886209302325582
0 0.27249376417233556 0.605067441860465 0.020892743764172335 0.04838
0 0.3023163265306122 0.6147837209302326 0.017724886621315192 0.042840930232558146
0 0.27534807256235827 0.5469279069767442 0.023161451247165534 0.044338837209302324
0 0.30421938775510204 0.48787441860465114 0.020848979591836736 0.05563279069767442
0 0.35967346938775513 0.5080558139534884 0.020249999999999997 0.04482325581395349
0 0.397594671201814 0.5117116279069768 0.021962074829931975 0.05425651162790698
0 0.4217891156462585 0.5155325581395349 0.015204138321995466 0.041926279069767446
0 0.4517936507936508 0.5201837209302326 0.020865646258503404 0.04363162790697675
0 0.4947358276643991 0.5270767441860466 0.022119557823129254 0.04695674418604651
0 0.6918934240362812 0.18853813953488371 0.009505215419501133 0.06921837209302326
0 0.7676133786848072 0.2642860465116279 0.018059637188208615 0.07771976744186046
0 0.6837755102040817 0.817774418604651 0.018281632653061226 0.04541093023255814
0 0.7050736961451247 0.8203488372093023 0.01805958049886621 0.041196046511627914
0 0.7300963718820862 0.8216767441860465 0.016196938775510206 0.04186046511627907
0 0.7605272108843537 0.8220930232558139 0.022166609977324263 0.04488372093023256
0 0.7872505668934241 0.8294860465116278 0.02033939909297052 0.041972558139534884
0 0.80921768707483 0.8355488372093023 0.01727562358276644 0.04123790697674418
0 0.986655328798186 0.5406976744186046 0.017906916099773244 0.044828372093023254
0 0.9643253968253968 0.5367116279069768 0.019931065759637188 0.04640976744186046
0 0.9376643990929705 0.5327232558139535 0.019369614512471656 0.0429653488372093
0 0.913202947845805 0.528653488372093 0.016519841269841268 0.0458446511627907
0 0.8884410430839003 0.521760465116279 0.021670351473922902 0.057188837209302325
0 0.8600793650793651 0.5216767441860465 0.016875113378684806 0.04140441860465116
0 0.8315702947845806 0.518439534883721 0.01961343537414966 0.04229348837209302
0 0.7657312925170068 0.5071418604651162 0.01857732426303855 0.04518
0 0.625141723356009 0.5003325581395349 0.01925873015873016 0.040416976744186046
0 0.6055839002267573 0.5003325581395349 0.016305725623582765 0.04257232558139535
0 0.5829478458049886 0.4917767441860465 0.0207062358276644 0.05457581395348837
0 0.5573168934240362 0.49642790697674416 0.01979484126984127 0.03803976744186046
0 0.535937074829932 0.4877906976744186 0.013907142857142858 0.04178906976744186
0 0.5145770975056689 0.4843860465116279 0.01658707482993197 0.04076255813953488
0 0.49022108843537415 0.4795674418604651 0.020228798185941043 0.04661441860465116
0 0.4625039682539682 0.47333953488372094 0.01923390022675737 0.04377209302325581
0 0.4381882086167801 0.4720093023255814 0.018333333333333337 0.04073348837209302
0 0.41500623582766444 0.46636279069767445 0.01712080498866213 0.043201395348837206
0 0.39123752834467124 0.4619604651162791 0.015636621315192743 0.042463023255813956
0 0.3682579365079365 0.45706046511627907 0.01747766439909297 0.04123372093023256
0 0.3453798185941043 0.45290697674418606 0.015644274376417234 0.044665116279069765
0 0.32327097505668934 0.4468441860465116 0.017504024943310655 0.04415325581395349
0 0.19946145124716555 0.6963953488372093 0.01794512471655329 0.050938604651162796
2 0.254818594104 0.460465116279 0.0583900226757 0.106976744186
