0 0.018687244897959185 0.6047348837209302 0.019056065759637187 0.04172
0 0.0858639455782313 0.09277418604651162 0.008874092970521542 0.08646116279069767
0 0.4359812925170068 0.6726744186046512 0.018339795918367346 0.03754720930232558
0 0.7975963718820862 0.6607976744186046 0.023331916099773243 0.039978372093023254
0 0.8547732426303855 0.7149511627906976 0.02272828798185941 0.0418006976744186
0 0.19932369614512474 0.4195186046511628 0.020198185941043084 0.04680720930232558
0 0.8344897959183674 0.7154488372093023 0.01199421768707483 0.032006976744186046
0 0.20823185941043085 0.47333953488372094 0.01900374149659864 0.0412853488372093
0 0.2031910430839002 0.5338046511627907 0.01986309523809524 0.037926046511627905
0 0.24212414965986395 0.48579767441860466 0.017195068027210884 0.03411186046511628
0 0.23404591836734695 0.5370441860465116 0.021644047619047622 0.04474209302325582
0 0.11062528344671202 0.9337209302325581 0.00932908163265306 0.08856116279069767
0 0.26980102040816323 0.5440209302325582 0.02089189342403628 0.036198372093023255
0 0.2997046485260771 0.5475093023255814 0.017019727891156463 0.035657209302325577
0 0.27249376417233556 0.48430232558139535 0.02322159863945578 0.04094
0 0.30089909297052153 0.42483488372093026 0.02104138321995465 0.04275046511627907
0 0.3570617913832199 0.44310697674418603 0.020679478458049887 0.0379153488372093
0 0.39439569160997734 0.4467604651162791 0.02295799319727891 0.045518837209302325
0 0.4187114512471655 0.45124651162790697 0.014528741496598638 0.040066279069767445
0 0.44827097505668934 0.4511627906976744 0.02001235827664399 0.03932790697674419
0 0.49131462585034014 0.4527418604651163 0.021809467120181406 0.03910279069767442
0 0.6881689342403629 0.0778239534883721 0.009622619047619047 0.07278418604651163
0 0.7650850340136054 0.16694348837209302 0.018741609977324263 0.07854116279069767
0 0.681201814058957 0.7544860465116279 0.01808531746031746 0.03776023255813953
0 0.702687074829932 0.7542348837209303 0.018408900226757372 0.038097906976744186
0 0.7275283446712018 0.7575581395348837 0.01627687074829932 0.03935976744186047
0 0.7574489795918368 0.7579744186046511 0.02313356009070295 0.03830581395348837
0 0.7845181405895693 0.7594674418604652 0.02033083900226757 0.03669186046511628
0 0.8063265306122448 0.7638697674418604 0.017636961451247164 0.03643837209302325
0 0.9374773242630385 0.7725093023255813 0.01761672335600907 0.039167209302325576
0 0.9593877551020408 0.773339534883721 0.0158078231292517 0.03464837209302325
0 0.9834807256235827 0.44410232558139534 0.0187281746031746 0.03560441860465116
0 0.9613321995464852 0.4405325581395349 0.01985436507936508 0.03482139534883721
0 0.9351927437641724 0.43787441860465115 0.019610657596371883 0.035663255813953486
0 0.9100283446712017 0.43438604651162793 0.017545861678004534 0.03731023255813953
0 0.885890022675737 0.43181162790697675 0.02228713151927438 0.04060906976744186
0 0.8569387755102041 0.4312302325581395 0.01590062358276644 0.034104883720930235
0 0.8287585034013606 0.4278232558139535 0.020437414965986396 0.03791186046511628
0 0.7627947845804989 0.42358837209302325 0.018320861678004535 0.03507674418604651
0 0.621984126984127 0.41926976744186045 0.018823356009070296 0.03158418604651163
0 0.6029138321995464 0.4196023255813954 0.016930045351473924 0.0359846511627907
0 0.5802154195011338 0.41386976744186044 0.02114359410430839 0.04298046511627907
0 0.5537942176870748 0.4146186046511628 0.020003231292517007 0.034048139534883726
0 0.5327380952380952 0.4104651162790698 0.012358333333333334 0.03418511627906977
0 0.5110748299319727 0.4076418604651163 0.01653418367346939 0.03333372093023256
0 0.4870221088435374 0.40772325581395347 0.020082426303854876 0.034873023255813956
0 0.4589206349206349 0.4050674418604651 0.019263492063492066 0.03521906976744186
0 0.43476700680272107 0.4013279069767442 0.018676927437641724 0.0353393023255814
0 0.41186848072562354 0.39950232558139537 0.016910374149659863 0.03576418604651163
0 0.3883622448979592 0.3981720930232558 0.016412868480725623 0.03725116279069768
0 0.36526133786848075 0.39485116279069765 0.018280385487528344 0.03612441860465116
0 0.34173526077097505 0.3899511627906977 0.014985657596371882 0.03416511627906977
0 0.32001133786848074 0.3868767441860465 0.018201133786848074 0.034874883720930235
0 0.651235827664399 0.6577906976744187 0.017543877551020406 0.03604860465116279
2 0.253401360544 0.412790697674 0.0566893424036 0.0720930232558
