0 0.018606235827664398 0.622093023255814 0.01950017006802721 0.04715232558139535
0 0.3663344671201814 0.7854651162790698 0.012092630385487527 0.08101837209302325
0 0.4961530612244898 0.6818930232558139 0.02368373015873016 0.041369534883720936
0 0.5890816326530612 0.7353 0.022010770975056687 0.04242720930232558
0 0.2014291383219955 0.4475093023255814 0.021697845804988663 0.04990651162790698
0 0.568514739229025 0.7348837209302326 0.012085204081632654 0.035134186046511626
0 0.2103985260770975 0.5047348837209302 0.01886893424036281 0.04711883720930232
0 0.20598469387755103 0.5599674418604651 0.019588662131519274 0.04086441860465116
0 0.24350113378684807 0.5171093023255814 0.016517063492063493 0.0386846511627907
0 0.2356456916099773 0.5661139534883721 0.02323781179138322 0.05249511627906977
0 0.1116984126984127 0.9531558139534885 0.009252891156462585 0.08929604651162791
0 0.27121825396825394 0.5785720930232559 0.020984126984126984 0.04073558139534884
0 0.30104081632653057 0.5827232558139535 0.01818656462585034 0.04241627906976744
0 0.27370804988662134 0.5177744186046511 0.023249433106575963 0.045196976744186046
0 0.30227551020408167 0.45905348837209303 0.02149512471655329 0.05248418604651163
0 0.3589450113378685 0.4764116279069767 0.021935487528344674 0.04203674418604651
0 0.39640022675736963 0.47765813953488373 0.022893990929705215 0.050598837209302326
0 0.4203514739229025 0.48563023255813953 0.014998015873015871 0.03930441860465116
0 0.4498095238095238 0.48671162790697675 0.020633673469387753 0.03943953488372093
0 0.493015306122449 0.4924418604651163 0.02132579365079365 0.0417046511627907
0 0.6901133786848072 0.13588046511627908 0.009734013605442177 0.06977976744186046
0 0.7667630385487528 0.21702651162790698 0.01869438775510204 0.07739883720930232
0 0.6826417233560091 0.7872093023255814 0.017753458049886622 0.039956279069767446
0 0.7038605442176871 0.7888697674418604 0.018423072562358277 0.03688069767441861
0 0.7289058956916099 0.7900325581395349 0.016435884353741496 0.04452232558139535
0 0.759172335600907 0.7910302325581394 0.02264393424036281 0.04209418604651163
0 0.7858163265306123 0.7953488372093023 0.02123832199546485 0.039927906976744185
0 0.8080442176870749 0.8019093023255814 0.017606859410430838 0.03925720930232558
0 0.9382482993197279 0.8151162790697675 0.018186734693877552 0.0379846511627907
0 0.9854421768707483 0.49443488372093025 0.01827159863945578 0.03897255813953488
0 0.962624716553288 0.4905325581395349 0.019913208616780045 0.039556046511627904
0 0.9363888888888888 0.4891186046511628 0.019171882086167803 0.04009
0 0.9119897959183674 0.48430232558139535 0.01679251700680272 0.03775744186046512
0 0.887250566893424 0.48039767441860465 0.02187993197278912 0.0462853488372093
0 0.8585600907029478 0.4780720930232558 0.017791439909297053 0.038971860465116276
0 0.8305782312925171 0.475746511627907 0.02021218820861678 0.03999558139534884
0 0.7641496598639456 0.4657813953488372 0.018694784580498867 0.0404046511627907
0 0.6238038548752836 0.4612953488372093 0.02028316326530612 0.036890930232558135
0 0.6043707482993197 0.46113023255813956 0.01602942176870748 0.03972116279069768
0 0.5817120181405896 0.45473488372093024 0.021557596371882086 0.04950651162790698
0 0.5556366213151928 0.45706046511627907 0.020719897959183674 0.03608023255813953
0 0.5340946712018141 0.4511627906976744 0.011976190476190477 0.0392393023255814
0 0.5128565759637188 0.4465953488372093 0.017145804988662132 0.03719186046511628
0 0.4881763038548753 0.44410232558139534 0.020385260770975057 0.042091395348837206
0 0.46086394557823135 0.43936976744186046 0.019332539682539684 0.040095348837209305
0 0.43638662131519274 0.43712558139534885 0.019556859410430838 0.03920558139534883
0 0.41379195011337866 0.43214186046511627 0.017017460317460317 0.04258325581395349
0 0.38941553287981856 0.43023255813953487 0.015859637188208618 0.03822395348837209
0 0.36659807256235827 0.4264953488372093 0.018625850340136054 0.03854023255813953
0 0.3440232426303855 0.420846511627907 0.0159718820861678 0.04117813953488372
0 0.321468820861678 0.41702558139534884 0.01657159863945578 0.03910627906976744
0 0.3895124716553288 0.6881395348837209 0.017446315192743766 0.039343720930232556
2 0.253968253968 0.440697674419 0.0566893424036 0.0860465116279
