0 0.0171687641723356 0.6124581395348838 0.019778231292517007 0.04010255813953488
0 0.08584410430839003 0.09318930232558138 0.009526530612244897 0.08700906976744185
0 0.40605782312925165 0.681146511627907 0.018987755102040815 0.03749209302325582
0 0.700578231292517 0.6642023255813954 0.02357369614512472 0.03750883720930232
0 0.7752891156462585 0.7194348837209303 0.021847732426303855 0.04110302325581395
0 0.20072052154195014 0.42915348837209305 0.021499149659863947 0.04906720930232558
0 0.7543707482993197 0.7191023255813953 0.011337868480725623 0.03222581395348838
0 0.20865702947845807 0.4853 0.019179875283446713 0.04107372093023256
0 0.2046485260770975 0.5465116279069767 0.01967448979591837 0.037178837209302325
0 0.2423673469387755 0.49833953488372096 0.016529761904761905 0.03725581395348837
0 0.2352001133786848 0.5498348837209303 0.022763378684807257 0.04299162790697674
0 0.11038208616780046 0.9447674418604651 0.009601360544217688 0.09106651162790698
0 0.26990192743764174 0.5576418604651163 0.020331349206349207 0.03702116279069768
0 0.29976530612244895 0.5621255813953489 0.01773219954648526 0.03720558139534884
0 0.27312131519274374 0.49709302325581395 0.024544727891156463 0.04131581395348837
0 0.30104081632653057 0.4383720930232558 0.021583049886621315 0.046821860465116286
0 0.3575277777777778 0.4511627906976744 0.02124716553287982 0.044431627906976745
0 0.3949019274376417 0.45448604651162794 0.022635544217687074 0.048161395348837205
0 0.41950113378684806 0.4599674418604651 0.014480272108843537 0.04156581395348837
0 0.4490606575963719 0.4603813953488372 0.020227947845804988 0.03811255813953489
0 0.49171938775510204 0.46486744186046514 0.021223469387755104 0.044574883720930235
0 0.6886111111111112 0.09534883720930233 0.00981111111111111 0.0744867441860465
0 0.7654875283446712 0.18098 0.018632879818594104 0.07970023255813953
0 0.681751700680272 0.7634558139534884 0.017885374149659863 0.03842046511627907
0 0.7028854875283447 0.7641186046511629 0.017960657596371884 0.034124883720930234
0 0.7278684807256236 0.7652 0.01609722222222222 0.041605116279069765
0 0.7581179138321995 0.7652813953488373 0.022659013605442178 0.03776046511627906
0 0.7850680272108843 0.7704325581395349 0.019866950113378683 0.03607697674418604
0 0.8069501133786848 0.7741697674418604 0.01746468253968254 0.035330930232558136
0 0.9378061224489795 0.7850488372093024 0.017209070294784582 0.041337674418604656
0 0.9842063492063493 0.45838837209302324 0.018805725623582764 0.03758581395348837
0 0.961797052154195 0.4552325581395349 0.020382426303854874 0.0346453488372093
0 0.9353968253968253 0.45216046511627905 0.019310884353741495 0.03456674418604651
0 0.9111167800453515 0.44825581395348835 0.017074319727891155 0.036753255813953487
0 0.8864172335600907 0.4465953488372093 0.02196831065759637 0.04421976744186047
0 0.8575056689342404 0.44460232558139534 0.01693781179138322 0.03499627906976745
0 0.8292233560090703 0.4402 0.02000640589569161 0.039671395348837214
0 0.7631802721088435 0.4349674418604651 0.01859047619047619 0.0360206976744186
0 0.6227551020408163 0.42981627906976744 0.01897386621315193 0.03179860465116279
0 0.6034183673469388 0.43197674418604654 0.016659920634920635 0.03640372093023256
0 0.5806179138321995 0.4256651162790698 0.02101592970521542 0.04418372093023255
0 0.5545839002267573 0.42599767441860464 0.01978622448979592 0.03526744186046511
0 0.5333452380952381 0.42176046511627907 0.01308531746031746 0.03386139534883721
0 0.5116615646258503 0.4186046511627907 0.017139455782312928 0.033672093023255814
0 0.4873463718820861 0.417193023255814 0.02017216553287982 0.03613511627906977
0 0.4593458049886621 0.41345581395348835 0.019751360544217687 0.03524767441860465
0 0.43517176870748303 0.4096348837209302 0.01824393424036281 0.03644441860465116
0 0.4126780045351474 0.4076418604651163 0.017636961451247164 0.03643813953488372
0 0.38858503401360545 0.4060627906976744 0.016099149659863945 0.03826674418604651
0 0.36572732426303856 0.4030720930232558 0.018179365079365076 0.035553488372093024
0 0.3427273242630386 0.3981720930232558 0.016002891156462584 0.03560953488372093
0 0.32041609977324265 0.3957651162790698 0.018604478458049887 0.0341
0 0.5683560090702948 0.6657558139534884 0.017408786848072563 0.03926511627906977
2 0.25283446712 0.424418604651 0.0566893424036 0.0767441860465
