0 0.01850504535147392 0.6195186046511627 0.019687755102040815 0.04228581395348837
0 0.08687641723356009 0.09169441860465118 0.009322165532879817 0.0885960465116279
0 0.39866780045351474 0.6906139534883721 0.018977267573696145 0.04458209302325582
0 0.6707142857142858 0.6731720930232558 0.02309246031746032 0.038988372093023256
0 0.7497789115646258 0.7289046511627907 0.02204671201814059 0.040931162790697674
0 0.20197619047619048 0.4394511627906977 0.022175396825396827 0.04711418604651163
0 0.728922902494331 0.7274093023255814 0.011952947845804989 0.03252604651162791
0 0.2099937641723356 0.49277441860465115 0.019632596371882086 0.0449446511627907
0 0.2062681405895692 0.5542348837209302 0.0195640589569161 0.040113953488372094
0 0.2432987528344671 0.5087209302325582 0.016603911564625852 0.03620186046511628
0 0.23576700680272109 0.5582232558139535 0.022499716553287984 0.04521302325581396
0 0.11175907029478459 0.9505813953488372 0.009909467120181406 0.0911339534883721
0 0.27117743764172336 0.5668604651162791 0.02124433106575964 0.0379246511627907
0 0.30100000000000005 0.5705139534883721 0.01805958049886621 0.03654488372093023
0 0.2734246031746032 0.5080558139534884 0.02293577097505669 0.04211953488372093
0 0.3022959183673469 0.44709302325581396 0.021382086167800456 0.04649325581395349
0 0.35851984126984127 0.46121162790697673 0.02035045351473923 0.04155302325581395
0 0.3963395691609978 0.4629558139534884 0.022730272108843538 0.047947906976744184
0 0.42037188208616777 0.46918604651162793 0.015306122448979591 0.03920255813953488
0 0.45019444444444445 0.46968372093023253 0.02025442176870748 0.039330465116279065
0 0.49339965986394557 0.47392093023255816 0.021591043083900224 0.04225837209302325
0 0.689625850340136 0.10672767441860465 0.010070408163265305 0.07390674418604651
0 0.7665022675736961 0.19186046511627908 0.018574433106575965 0.07739511627906977
0 0.6829024943310659 0.7719279069767441 0.018222278911564627 0.03886302325581395
0 0.704342403628118 0.7729232558139536 0.018497278911564625 0.03590418604651163
0 0.7290022675736961 0.7755813953488372 0.016616496598639455 0.03831302325581395
0 0.7595578231292517 0.775 0.02286468253968254 0.038565813953488376
0 0.786077097505669 0.7792348837209303 0.020482709750566895 0.0382286046511628
0 0.8082256235827665 0.7836372093023256 0.017738605442176873 0.03732023255813953
0 0.9388378684807256 0.7941023255813954 0.017983673469387753 0.041174651162790704
0 0.9850170068027211 0.46985116279069766 0.01835283446712018 0.0384353488372093
0 0.9630102040816326 0.4671093023255814 0.02006111111111111 0.03381325581395349
0 0.9367290249433107 0.4629558139534884 0.01871984126984127 0.03400209302325582
0 0.912171201814059 0.4585558139534884 0.01677783446712018 0.036321627906976746
0 0.8875113378684807 0.45573023255813955 0.021871655328798187 0.04595581395348837
0 0.8586394557823129 0.45481627906976746 0.016571938775510206 0.035966511627906976
0 0.8305612244897959 0.45124651162790697 0.020216836734693877 0.03932325581395348
0 0.7642913832199547 0.44493255813953486 0.018957029478458048 0.03596744186046511
0 0.6235827664399093 0.4392860465116279 0.01904342403628118 0.03300767441860465
0 0.6045294784580499 0.4398674418604651 0.016369897959183675 0.03333906976744186
0 0.5817517006802722 0.4364627906976744 0.020235260770975056 0.04472651162790697
0 0.5561224489795918 0.4359627906976744 0.02007919501133787 0.03864209302325581
0 0.5344183673469388 0.43089767441860466 0.01227579365079365 0.03401581395348837
0 0.5127755102040816 0.428653488372093 0.016695181405895692 0.03478674418604651
0 0.4886014739229025 0.42790697674418604 0.02049829931972789 0.03565325581395349
0 0.46068197278911566 0.4235046511627907 0.018890249433106576 0.035935813953488376
0 0.4364268707482993 0.41926976744186045 0.019188038548752836 0.03656325581395349
0 0.41395351473922903 0.4176906976744186 0.017586904761904762 0.03698441860465116
0 0.39004308390022674 0.4147 0.016158560090702948 0.04049883720930233
0 0.3669620181405896 0.4113790697674419 0.018508616780045353 0.039635116279069765
0 0.3436791383219955 0.4071418604651163 0.015140986394557823 0.036044418604651164
0 0.32159070294784575 0.4039860465116279 0.018120748299319728 0.03591883720930233
0 0.5424319727891157 0.6736627906976744 0.01736655328798186 0.040907906976744186
2 0.25425170068 0.43488372093 0.0572562358277 0.0837209302326
