0 0.01866700680272109 0.631893023255814 0.019374943310657596 0.04398116279069767
0 0.36435034013605444 0.8245837209302326 0.010700226757369613 0.08015348837209303
0 0.44310827664399094 0.6957651162790697 0.022864739229024943 0.04488558139534884
0 0.537921201814059 0.7442697674418605 0.02197517006802721 0.04705651162790698
0 0.2017936507936508 0.4602162790697674 0.022555045351473926 0.04688093023255814
0 0.5173106575963718 0.7456813953488372 0.011452891156462584 0.03291046511627907
0 0.20962925170068028 0.518106976744186 0.01867845804988662 0.04538348837209302
0 0.20630895691609977 0.5737534883720931 0.019903061224489798 0.04571325581395349
0 0.24356179138321993 0.5335558139534884 0.01731201814058957 0.04116767441860465
0 0.2360708616780045 0.5798162790697674 0.022595068027210886 0.05602651162790698
0 0.11184013605442177 0.9594674418604652 0.008849886621315193 0.07790604651162791
0 0.2710963718820862 0.592939534883721 0.021259240362811793 0.043367441860465115
0 0.3011218820861678 0.5969279069767441 0.017992346938775508 0.04276930232558139
0 0.27362755102040814 0.5327232558139535 0.022287868480725625 0.04481883720930232
0 0.3023565759637188 0.473753488372093 0.021358219954648525 0.053802558139534884
0 0.35841836734693877 0.49103023255813955 0.021018140589569162 0.04212697674418604
0 0.3962380952380953 0.49352093023255816 0.022879705215419502 0.04982837209302326
0 0.42037188208616777 0.49958372093023257 0.014453061224489796 0.035387441860465114
0 0.4500527210884354 0.5023255813953489 0.020507709750566896 0.040907906976744186
0 0.4929138321995465 0.5066441860465116 0.021767573696145126 0.0434093023255814
0 0.6897902494331065 0.15689372093023254 0.008686337868480725 0.06714372093023256
0 0.7663605442176871 0.2350488372093023 0.018818990929705216 0.07641255813953488
0 0.6829875283446711 0.8032395348837209 0.017392346938775508 0.04374232558139535
0 0.7038378684807256 0.8028232558139535 0.01889625850340136 0.038759767441860465
0 0.728922902494331 0.8050674418604651 0.015885544217687075 0.0414746511627907
0 0.759030612244898 0.8058976744186046 0.02300515873015873 0.042626279069767445
0 0.7857539682539683 0.8125418604651162 0.021331689342403627 0.04313186046511628
0 0.8081292517006803 0.8168604651162791 0.017148526077097506 0.039259999999999996
0 0.9367913832199547 0.8321418604651163 0.02014172335600907 0.039121162790697675
0 0.9850170068027211 0.5141186046511628 0.01817482993197279 0.04169558139534883
0 0.962908163265306 0.5097186046511628 0.020013208616780045 0.043277441860465116
0 0.9367913832199547 0.5065604651162791 0.019173866213151924 0.03877279069767442
0 0.9119501133786848 0.5021604651162791 0.01675549886621315 0.03906976744186047
0 0.8876133786848073 0.4984209302325581 0.02175056689342404 0.052599534883720926
0 0.8587414965986394 0.49534883720930234 0.01745515873015873 0.04018720930232558
0 0.8304761904761905 0.49385348837209303 0.020364285714285717 0.043179999999999996
0 0.7646598639455782 0.4838046511627907 0.01863497732426304 0.04254162790697674
0 0.6235034013605442 0.47765813953488373 0.018538832199546485 0.04237418604651163
0 0.604671201814059 0.47757441860465116 0.016017573696145124 0.04292720930232558
0 0.5817346938775511 0.4699325581395349 0.02118361678004535 0.048140930232558145
0 0.5556162131519274 0.47392093023255816 0.02086785714285714 0.041960232558139535
0 0.5347222222222222 0.4677744186046512 0.0132812358276644 0.04278906976744186
0 0.512795351473923 0.46270697674418604 0.0168578231292517 0.03663209302325581
0 0.4890266439909297 0.4594674418604651 0.020084240362811794 0.0441493023255814
0 0.46106632653061225 0.4553976744186046 0.019971315192743762 0.040322558139534885
0 0.43624489795918364 0.4514953488372093 0.018613605442176873 0.041050232558139534
0 0.41381179138322 0.4475906976744186 0.017669501133786847 0.04311651162790697
0 0.38925340136054426 0.44476744186046513 0.01581921768707483 0.040914418604651163
0 0.3670232426303855 0.4408627906976744 0.017683219954648527 0.03974953488372093
0 0.3439625850340136 0.43671162790697676 0.015910430839002267 0.04068604651162791
0 0.32142857142857145 0.4325581395348837 0.01709705215419501 0.04041651162790698
0 0.3437216553287982 0.704360465116279 0.01786706349206349 0.04180441860465116
2 0.253684807256 0.453488372093 0.0572562358277 0.0883720930233
