0 0.019821031746031746 0.6267441860465116 0.019111678004535147 0.047746744186046505
0 0.36473526077097507 0.8932720930232558 0.013044047619047618 0.08347488372093023
0 0.2973151927437642 0.7024906976744186 0.0236624716553288 0.05071511627906977
0 0.39611678004535145 0.7460139534883721 0.02182256235827664 0.056476279069767446
0 0.2031910430839002 0.46270697674418604 0.02274563492063492 0.04866837209302325
0 0.3759109977324263 0.7501651162790698 0.013818820861678004 0.0418153488372093
0 0.2112891156462585 0.5195186046511628 0.018083163265306124 0.04561116279069768
0 0.20772619047619045 0.5751651162790697 0.019576190476190476 0.05208930232558139
0 0.2451207482993197 0.5361302325581395 0.016493537414965988 0.04193
0 0.23795351473922902 0.584386046511628 0.023479931972789116 0.05410488372093023
0 0.1136218820861678 0.9584720930232558 0.009121938775510204 0.07942232558139535
0 0.27225056689342403 0.5952651162790698 0.020934467120181408 0.04990046511627907
0 0.3023163265306122 0.6043186046511628 0.017344784580498866 0.04172674418604651
0 0.27516609977324263 0.5386209302325582 0.023869614512471656 0.04590767441860465
0 0.3039965986394558 0.48023255813953486 0.02127403628117914 0.05895418604651163
0 0.35963321995464853 0.5008302325581395 0.02074563492063492 0.04362883720930233
0 0.3974126984126984 0.5030720930232558 0.02312091836734694 0.05463767441860465
0 0.421687641723356 0.5092186046511628 0.014140589569160996 0.03983093023255815
0 0.45153061224489793 0.5111302325581395 0.020435997732426305 0.04373232558139535
0 0.4944121315192744 0.5186883720930232 0.02311422902494331 0.048159534883720934
0 0.6914285714285715 0.17749162790697673 0.008606122448979592 0.06632837209302325
0 0.7676360544217686 0.2537372093023256 0.01871581632653061 0.07776953488372093
0 0.6838548752834467 0.8107976744186046 0.0175437641723356 0.04214232558139535
0 0.7048922902494331 0.8118767441860466 0.01829126984126984 0.04007790697674418
0 0.7301360544217688 0.8125418604651162 0.016148072562358277 0.04339093023255814
0 0.7606519274376417 0.8150325581395349 0.02268361678004535 0.046470465116279065
0 0.787091836734694 0.8211790697674419 0.020735941043083902 0.043303023255813956
0 0.8093197278911565 0.8252488372093024 0.017060997732426305 0.04357976744186046
0 0.9862301587301587 0.5319767441860465 0.017506349206349206 0.0442353488372093
0 0.9638832199546485 0.5274906976744186 0.020179421768707483 0.0445893023255814
0 0.9380272108843538 0.5236720930232558 0.019679251700680273 0.04315930232558139
0 0.9134070294784581 0.5198511627906977 0.016869614512471653 0.044736511627906976
0 0.888344671201814 0.5125418604651163 0.021873242630385488 0.05529883720930233
0 0.8598752834467119 0.5118767441860466 0.018048356009070295 0.04354325581395349
0 0.8318140589569161 0.5096348837209302 0.019559126984126984 0.04217953488372093
0 0.7657312925170068 0.4974255813953488 0.018777324263038547 0.045206279069767444
0 0.6249376417233561 0.4913627906976744 0.019152437641723356 0.03887302325581395
0 0.6056632653061225 0.4900325581395349 0.015969954648526078 0.0426253488372093
0 0.582828798185941 0.48347209302325583 0.021195068027210884 0.0542146511627907
0 0.5571751700680272 0.4855488372093023 0.0204406462585034 0.04133744186046511
0 0.5364433106575963 0.4794860465116279 0.013044274376417234 0.03898186046511628
0 0.5143344671201814 0.4764953488372093 0.01599761904761905 0.037195348837209305
0 0.4898565759637188 0.4699325581395349 0.020312414965986392 0.04405116279069767
0 0.46205839002267574 0.46503255813953487 0.01880515873015873 0.047880697674418604
0 0.4379455782312925 0.4622093023255814 0.018167913832199546 0.045635813953488376
0 0.4150873015873016 0.4569767441860465 0.017299149659863945 0.044290465116279064
0 0.3914195011337869 0.4528232558139535 0.016277494331065758 0.0446846511627907
0 0.36811621315192744 0.4485046511627907 0.01782749433106576 0.042086511627906976
0 0.34527834467120183 0.4444348837209302 0.014504251700680272 0.04093813953488372
0 0.3230685941043084 0.4392860465116279 0.017234183673469388 0.0405706976744186
0 0.2175453514739229 0.693546511627907 0.018091156462585033 0.050459069767441855
2 0.255385487528 0.454651162791 0.0572562358277 0.1
