0 0.018403798185941043 0.6231720930232558 0.019571371882086165 0.0428239534883721
0 0.36803514739229026 0.7666953488372092 0.01425232426303855 0.0840253488372093
0 0.52368820861678 0.6817279069767441 0.023260374149659865 0.043397906976744186
0 0.6152607709750566 0.7341372093023255 0.022016609977324263 0.04256046511627907
0 0.2012267573696145 0.4485046511627907 0.021200113378684805 0.046789069767441856
0 0.5944897959183674 0.7356302325581396 0.012130442176870747 0.032628837209302326
0 0.21007426303854876 0.5038209302325581 0.01926111111111111 0.04691023255813953
0 0.20618707482993198 0.561046511627907 0.019655385487528345 0.04043348837209302
0 0.24342006802721086 0.518439534883721 0.01753577097505669 0.0385193023255814
0 0.2352403628117914 0.5666116279069767 0.02275736961451247 0.05213790697674418
0 0.11177947845804989 0.9540697674418605 0.009781179138321995 0.08858581395348838
0 0.27115702947845804 0.5789860465116279 0.020851190476190478 0.04121372093023256
0 0.30095975056689345 0.582393023255814 0.01767329931972789 0.04028511627906977
0 0.27389058956916096 0.517193023255814 0.023450113378684807 0.04277651162790697
0 0.30209353741496603 0.4586372093023256 0.021945068027210884 0.052210465116279074
0 0.35882312925170073 0.47483488372093025 0.020841836734693878 0.04420883720930232
0 0.396015306122449 0.47674418604651164 0.022971768707482992 0.04827813953488372
0 0.4205538548752834 0.4851325581395349 0.015158956916099774 0.03565441860465116
0 0.449890589569161 0.48538139534883723 0.020519557823129253 0.03857186046511628
0 0.493015306122449 0.4906139534883721 0.02221842403628118 0.0407246511627907
0 0.6896655328798186 0.13289046511627906 0.00903656462585034 0.07009209302325582
0 0.7668253968253969 0.21287372093023257 0.018790079365079364 0.07839790697674419
0 0.6827437641723355 0.7858813953488372 0.017443310657596373 0.039396976744186046
0 0.7038605442176871 0.7873744186046512 0.018720294784580496 0.03566186046511628
0 0.729047619047619 0.7883720930232558 0.017127721088435376 0.045499302325581394
0 0.7594557823129252 0.7883720930232558 0.022465986394557824 0.0428346511627907
0 0.7858163265306123 0.7955976744186047 0.02040816326530612 0.03654488372093023
0 0.8078004535147393 0.799086046511628 0.01754325396825397 0.037640697674418605
0 0.9381065759637188 0.8131232558139534 0.017453174603174602 0.03753674418604651
0 0.9852380952380952 0.4915279069767442 0.017856065759637187 0.037538372093023256
0 0.9630102040816326 0.48886976744186045 0.020011224489795917 0.03866790697674418
0 0.9367290249433107 0.48588139534883723 0.019803741496598637 0.037497674418604646
0 0.9120691609977325 0.48172790697674417 0.017024716553287984 0.038279069767441866
0 0.8874489795918368 0.4770767441860465 0.021558049886621314 0.047906511627906975
0 0.858701814058957 0.47516511627906977 0.01746763038548753 0.03830813953488372
0 0.8301360544217686 0.47176046511627906 0.020003231292517007 0.037541627906976745
0 0.7643367346938775 0.46503255813953487 0.018316383219954647 0.03931139534883721
0 0.6232766439909297 0.4591372093023256 0.01882766439909297 0.037214186046511624
0 0.6042857142857143 0.45872093023255817 0.01642284580498866 0.03893186046511628
0 0.5815136054421769 0.4519093023255814 0.021287131519274378 0.04605930232558139
0 0.5552925170068027 0.45440232558139537 0.02018514739229025 0.035111162790697675
0 0.5344790249433107 0.44991627906976744 0.012916609977324264 0.03902325581395349
0 0.5128968253968254 0.4460139534883721 0.016806972789115648 0.03750441860465116
0 0.48839909297052153 0.4420255813953488 0.02011519274376417 0.04088023255813953
0 0.4605606575963719 0.43654418604651163 0.01888407029478458 0.03745720930232558
0 0.4363259637188208 0.4347186046511628 0.018446258503401362 0.03941209302325581
0 0.4138526077097505 0.4312302325581395 0.01802046485260771 0.03919697674418605
0 0.3893951247165533 0.42857209302325583 0.016308900226757368 0.04055232558139535
0 0.36671938775510204 0.4247511627906977 0.018074659863945578 0.03962116279069767
0 0.34365873015873016 0.4193511627906977 0.01607738095238095 0.041107906976744185
0 0.3215702947845805 0.4169441860465116 0.017057086167800453 0.0401046511627907
0 0.41327947845804985 0.6862790697674419 0.017356632653061223 0.03705325581395349
2 0.25425170068 0.443023255814 0.0572562358277 0.0906976744186
