0 0.03320374149659864 0.6107139534883722 0.018526530612244897 0.0394146511627907
0 0.08622845804988662 0.10290697674418604 0.009339115646258504 0.08289139534883722
0 0.4678492063492063 0.6645348837209303 0.018340476190476192 0.03456186046511628
0 0.9040929705215419 0.6641186046511629 0.02267278911564626 0.040333720930232554
0 0.9387358276643991 0.7184395348837209 0.02117925170068027 0.04462348837209302
0 0.1966105442176871 0.42358837209302325 0.019621485260770975 0.04241186046511628
0 0.9179024943310657 0.7175255813953488 0.011694217687074829 0.03209372093023256
0 0.20353514739229026 0.47549767441860463 0.017723979591836733 0.04252209302325582
0 0.19713718820861678 0.5361302325581395 0.018731292517006802 0.03868395348837209
0 0.23902664399092968 0.4887883720930233 0.016505839002267573 0.03509720930232558
0 0.23119104308390023 0.5388697674418604 0.02301201814058957 0.04164348837209302
0 0.1112125850340136 0.937706976744186 0.010133219954648526 0.08837720930232558
0 0.2699427437641723 0.5444348837209302 0.02083718820861678 0.03644627906976745
0 0.30031179138321995 0.5479232558139535 0.01749268707482993 0.03853813953488372
0 0.2718253968253968 0.4851325581395349 0.023582199546485258 0.04260627906976744
0 0.30185034013605444 0.42508372093023256 0.021716213151927437 0.03931744186046512
0 0.3573860544217687 0.43438604651162793 0.01940277777777778 0.038663953488372094
0 0.39585374149659863 0.43845581395348837 0.02301218820861678 0.042308139534883715
0 0.41998696145124714 0.44144418604651164 0.01490345804988662 0.04096232558139535
0 0.44978968253968254 0.4415279069767442 0.019754875283446712 0.03756046511627907
0 0.49252891156462586 0.44318837209302325 0.022597448979591837 0.04001837209302325
0 0.6885714285714286 0.0718439534883721 0.009513548752834467 0.0754346511627907
0 0.7654081632653061 0.16196023255813952 0.018628854875283447 0.07719279069767442
0 0.6823356009070295 0.744932558139535 0.017883786848072562 0.03709883720930233
0 0.7036337868480725 0.7455976744186047 0.018203514739229022 0.037436511627906975
0 0.7288605442176871 0.7481720930232558 0.016660430839002267 0.03929279069767442
0 0.7585657596371882 0.7575581395348837 0.022616156462585035 0.03346837209302326
0 0.7849433106575965 0.7594674418604652 0.02010952380952381 0.03776976744186047
0 0.8072165532879819 0.7637883720930232 0.01753344671201814 0.03730930232558139
0 0.8319557823129251 0.7624581395348838 0.019753798185941043 0.0368993023255814
0 0.937704081632653 0.7712627906976743 0.018638321995464852 0.038319302325581395
0 0.9600963718820861 0.773006976744186 0.015765249433106577 0.03300023255813953
0 0.9843310657596371 0.43886976744186046 0.018659297052154196 0.03571325581395349
0 0.9616156462585034 0.4348 0.019925963718820862 0.03602697674418605
0 0.9357766439909297 0.4327232558139535 0.019646938775510207 0.03534627906976744
0 0.9105952380952381 0.4290697674418605 0.0163875283446712 0.03709116279069767
0 0.8866609977324262 0.4293186046511628 0.022363945578231296 0.039319302325581396
0 0.857687074829932 0.42807209302325583 0.016281689342403628 0.0346546511627907
0 0.829625850340136 0.42358837209302325 0.0201531746031746 0.038715348837209305
0 0.7630385487528345 0.42076511627906976 0.018165873015873017 0.034115348837209306
0 0.6232766439909297 0.4052325581395349 0.01859450113378685 0.033685348837209306
0 0.6041269841269842 0.40597906976744186 0.01655856009070295 0.03683232558139535
0 0.5811678004535148 0.4029069767441861 0.020969444444444443 0.039557441860465115
0 0.5552517006802722 0.4024093023255814 0.01928809523809524 0.037800465116279075
0 0.5339931972789116 0.400746511627907 0.012856292517006802 0.03197720930232558
0 0.5122692743764172 0.3975906976744186 0.016840419501133786 0.0317253488372093
0 0.48785204081632655 0.39559767441860466 0.020383163265306124 0.03644162790697675
0 0.46007426303854876 0.39410232558139535 0.019415532879818596 0.034469534883720926
0 0.4357789115646259 0.39152790697674417 0.018215362811791383 0.03424046511627907
0 0.412718820861678 0.3916953488372093 0.017044727891156464 0.032235581395348836
0 0.38935430839002266 0.3883720930232558 0.016150510204081633 0.03224046511627907
0 0.366577664399093 0.3867116279069768 0.018099546485260774 0.03337767441860465
0 0.3430719954648526 0.38313953488372093 0.014957312925170068 0.03286418604651163
0 0.32096315192743763 0.3808139534883721 0.018192063492063492 0.03533627906976744
0 0.7328684807256236 0.6552325581395348 0.017257256235827665 0.041377674418604654
2 0.253401360544 0.418604651163 0.0566893424036 0.0697674418605
