0 0.01846451247165533 0.6222581395348837 0.019836791383219955 0.0438046511627907
0 0.08649149659863946 0.04908627906976744 0.010489399092970522 0.09218790697674419
0 0.37680215419501134 0.7241697674418603 0.01827057823129252 0.07195720930232559
0 0.5805385487528344 0.6809790697674419 0.023344954648526078 0.038943023255813954
0 0.6689965986394557 0.7311465116279069 0.022181235827664396 0.03956883720930233
0 0.20195578231292516 0.4456813953488372 0.021487188208616777 0.04596976744186047
0 0.6480215419501133 0.7316441860465117 0.01234126984126984 0.03242906976744186
0 0.21021598639455782 0.4998348837209302 0.01973956916099773 0.045366279069767444
0 0.2060453514739229 0.5578906976744186 0.019554081632653063 0.04033186046511628
0 0.24342006802721086 0.5137883720930233 0.016229535147392293 0.040877674418604654
0 0.2361513605442177 0.5638697674418605 0.022945294784580496 0.047191627906976744
0 0.11188038548752835 0.9530720930232559 0.009514342403628119 0.08751883720930233
0 0.27162301587301585 0.5739209302325582 0.020746938775510204 0.03714186046511628
0 0.3011417233560091 0.5761627906976744 0.01740986394557823 0.04168953488372093
0 0.27455839002267574 0.5137883720930233 0.023631972789115645 0.04563860465116279
0 0.3024778911564626 0.4535720930232558 0.02148407029478458 0.05047348837209303
0 0.359187641723356 0.46960232558139536 0.020967687074829933 0.04332116279069768
0 0.3968656462585034 0.47117906976744184 0.023018310657596373 0.05224511627906976
0 0.42073639455782313 0.4774906976744186 0.016019444444444444 0.037909302325581394
0 0.45037641723356014 0.47940232558139534 0.020280272108843537 0.0398853488372093
0 0.4929138321995465 0.48413720930232557 0.02142465986394558 0.043940697674418605
0 0.6900283446712019 0.12250837209302326 0.009539229024943311 0.07163209302325581
0 0.7664399092970522 0.20614627906976743 0.018089965986394556 0.07471837209302326
0 0.6831462585034013 0.7811465116279069 0.017914795918367348 0.03995813953488372
0 0.704342403628118 0.7826418604651163 0.01838356009070295 0.03621255813953488
0 0.7292063492063492 0.7824744186046512 0.016682879818594103 0.041196046511627914
0 0.7597789115646258 0.7836372093023256 0.022886507936507938 0.0413006976744186
0 0.7862018140589568 0.7895348837209303 0.02079671201814059 0.03858976744186046
0 0.808327664399093 0.7936046511627907 0.01823219954648526 0.03908325581395349
0 0.9388945578231292 0.806146511627907 0.017953061224489798 0.03897325581395349
0 0.9855839002267573 0.4851325581395349 0.018196712018140587 0.03744372093023256
0 0.9634353741496599 0.4805651162790698 0.020177380952380954 0.03482674418604651
0 0.936814058956916 0.47765813953488373 0.019461337868480724 0.03577906976744186
0 0.912233560090703 0.4722581395348837 0.01723718820861678 0.037413488372093025
0 0.8879591836734694 0.46935116279069766 0.02185187074829932 0.04737325581395349
0 0.858985260770975 0.46835581395348835 0.01749342403628118 0.03883348837209302
0 0.8307029478458049 0.46420232558139535 0.020461621315192743 0.03814186046511628
0 0.7644331065759638 0.4558139534883721 0.01871422902494331 0.03832674418604651
0 0.6237641723356009 0.45074651162790697 0.018626473922902495 0.034551395348837215
0 0.6046541950113378 0.45257441860465114 0.016226247165532882 0.037754883720930235
0 0.5819160997732427 0.44584651162790695 0.02180918367346939 0.047366511627906976
0 0.5560413832199547 0.4474255813953488 0.020433106575963717 0.035936046511627906
0 0.5347828798185941 0.44260697674418603 0.012909126984126983 0.03753302325581395
0 0.513140022675737 0.43820697674418607 0.017015249433106578 0.036963953488372094
0 0.4890668934240363 0.43671162790697676 0.0203328231292517 0.04136511627906977
0 0.4607023809523809 0.4328906976744186 0.018735260770975055 0.034262325581395345
0 0.4365079365079365 0.4293186046511628 0.018636564625850338 0.03732906976744186
0 0.4142573696145125 0.42657906976744187 0.017210714285714288 0.03753581395348837
0 0.38959750566893425 0.4229232558139535 0.015610600907029478 0.03942209302325581
0 0.36698242630385486 0.42076511627906976 0.018218083900226757 0.038201627906976746
0 0.34414455782312925 0.4156139534883721 0.015569104308390022 0.038704883720930235
0 0.32223866213151925 0.41171162790697674 0.01719308390022676 0.03879255813953489
0 0.46316609977324263 0.6797674418604651 0.01673531746031746 0.037041627906976744
2 0.25425170068 0.438372093023 0.0572562358277 0.0860465116279
