0 0.01799886621315193 0.6120441860465116 0.019078458049886622 0.041286279069767444
0 0.08572222222222223 0.09784046511627906 0.009010204081632653 0.08542744186046512
0 0.4259189342403628 0.6750837209302326 0.01852392290249433 0.036786976744186045
0 0.7650453514739228 0.663039534883721 0.023205668934240364 0.04065604651162791
0 0.8290816326530612 0.7166116279069766 0.022814569160997732 0.043582325581395354
0 0.2004172335600907 0.42940232558139535 0.0209125283446712 0.04601906976744186
0 0.8081859410430839 0.7177744186046511 0.011904761904761904 0.03156139534883721
0 0.2086371882086168 0.4831395348837209 0.018978968253968255 0.04236860465116279
0 0.20414229024943312 0.5446023255813953 0.020029591836734695 0.036413023255813956
0 0.24224546485260773 0.49709302325581395 0.016251530612244897 0.03432813953488372
0 0.2343089569160998 0.5473418604651162 0.022663208616780044 0.043039534883720934
0 0.11084807256235828 0.941113953488372 0.009509013605442177 0.08751325581395349
0 0.27022619047619045 0.5550674418604651 0.02063299319727891 0.037604186046511626
0 0.3002307256235828 0.5584720930232558 0.017531349206349207 0.03389511627906976
0 0.27265532879818594 0.4956813953488372 0.023497562358276644 0.04097976744186047
0 0.3014659863945578 0.43372093023255814 0.02086315192743764 0.044285348837209304
0 0.35762868480725624 0.4476744186046512 0.02120861678004535 0.038862093023255814
0 0.3953270975056689 0.4503325581395349 0.023210430839002268 0.048610697674418606
0 0.41964285714285715 0.45448604651162794 0.015333219954648526 0.03991302325581396
0 0.44924263038548756 0.45473488372093024 0.02020221088435374 0.03936116279069767
0 0.4922256235827664 0.45739302325581394 0.022226360544217685 0.03955186046511628
0 0.688531746031746 0.0842193023255814 0.0098109410430839 0.07441232558139535
0 0.7652267573696144 0.17026581395348836 0.01810232426303855 0.07372813953488372
0 0.6816893424036281 0.7577232558139535 0.01818095238095238 0.037541395348837214
0 0.7030498866213152 0.7588046511627907 0.018335997732426307 0.035901162790697674
0 0.7284183673469388 0.7604651162790698 0.01641700680272109 0.03829767441860465
0 0.7583843537414966 0.7610465116279069 0.023868310657596373 0.03778348837209302
0 0.7854705215419501 0.761793023255814 0.021343990929705212 0.037983953488372094
0 0.8071768707482992 0.7673581395348837 0.01720861678004535 0.03488581395348837
0 0.9382879818594105 0.7769093023255814 0.017359126984126984 0.038753488372093026
0 0.9603174603174603 0.7778232558139535 0.015052154195011337 0.034059069767441864
0 0.9843877551020408 0.4483395348837209 0.018968140589569162 0.03528418604651163
0 0.9619954648526078 0.44493255813953486 0.02023622448979592 0.035254651162790696
0 0.9361054421768708 0.4424418604651163 0.01952953514739229 0.034667441860465116
0 0.9110374149659863 0.4392023255813953 0.01676938775510204 0.038471860465116275
0 0.8866439909297053 0.43845581395348837 0.02215873015873016 0.040991627906976746
0 0.8577494331065759 0.43588139534883724 0.016548185941043084 0.034771162790697675
0 0.8293877551020408 0.43156046511627905 0.02027465986394558 0.03725069767441861
0 0.763344671201814 0.4270767441860465 0.01855799319727891 0.034333488372093025
0 0.622874149659864 0.42151162790697677 0.019401927437641724 0.032699302325581395
0 0.6034977324263038 0.42184418604651164 0.01702018140589569 0.03466209302325581
0 0.58078231292517 0.4182720930232558 0.02105141723356009 0.04054767441860466
0 0.554826530612245 0.4193511627906977 0.019472902494331066 0.034899069767441865
0 0.5335073696145125 0.41511627906976745 0.011906632653061223 0.0343753488372093
0 0.51218820861678 0.41104651162790695 0.016693253968253968 0.03367395348837209
0 0.48795351473922904 0.41121162790697674 0.020293310657596375 0.03469139534883721
0 0.4595685941043084 0.40797441860465117 0.01972987528344671 0.03582674418604651
0 0.43507029478458054 0.40365348837209303 0.01837721088435374 0.036695348837209305
0 0.412718820861678 0.4030720930232558 0.01722080498866213 0.0340053488372093
0 0.38886848072562363 0.40149534883720933 0.016054365079365078 0.036611395348837214
0 0.36556519274376414 0.3983395348837209 0.018424659863945578 0.034370465116279066
0 0.342687074829932 0.39285813953488374 0.015409297052154195 0.03406790697674419
0 0.3205379818594104 0.39194418604651166 0.017953401360544217 0.034475348837209305
0 0.6242743764172336 0.6601744186046512 0.01749965986394558 0.03844325581395349
2 0.253117913832 0.425581395349 0.0572562358277 0.0744186046512
