0 0.018343027210884356 0.6267441860465116 0.0191406462585034 0.044609767441860466
0 0.36475566893424033 0.8073093023255813 0.011717630385487527 0.0807853488372093
0 0.468922335600907 0.6866279069767441 0.022993537414965987 0.042881162790697674
0 0.5629455782312924 0.7383720930232558 0.02142080498866213 0.04484906976744186
0 0.2013888888888889 0.45290697674418606 0.02206139455782313 0.04846255813953488
0 0.5420918367346939 0.7401162790697674 0.012779761904761905 0.034893255813953486
0 0.20958843537414965 0.5109627906976744 0.019260714285714287 0.04299860465116279
0 0.20568083900226758 0.5656976744186046 0.019439739229024942 0.04507441860465117
0 0.2427114512471655 0.5255813953488372 0.016480668934240363 0.04115627906976744
0 0.2355844671201814 0.5725093023255814 0.02239053287981859 0.05389348837209302
0 0.11175907029478459 0.9557302325581395 0.00905702947845805 0.08442279069767442
0 0.2709750566893424 0.5857139534883721 0.02157108843537415 0.04157232558139535
0 0.3007165532879819 0.5910302325581396 0.017591043083900228 0.03928
0 0.27348582766439905 0.5250837209302326 0.023414739229024945 0.04467162790697674
0 0.30221485260770975 0.46511627906976744 0.02135266439909297 0.055002093023255816
0 0.35864115646258504 0.4831395348837209 0.020984183673469388 0.04131976744186046
0 0.3962789115646258 0.4855488372093023 0.02261689342403628 0.05188837209302326
0 0.4202301587301587 0.49169534883720933 0.014974489795918366 0.040810697674418604
0 0.44972845804988665 0.4941860465116279 0.0199062925170068 0.039432093023255815
0 0.4927721088435374 0.49950232558139535 0.02191020408163265 0.04273860465116279
0 0.68968820861678 0.1468439534883721 0.009558219954648527 0.06980046511627906
0 0.7663775510204082 0.22541534883720932 0.018490816326530615 0.07493302325581395
0 0.6821768707482992 0.7939372093023255 0.01775 0.0399746511627907
0 0.7039002267573696 0.7955139534883722 0.017912585034013606 0.03863860465116279
0 0.7290022675736961 0.7975093023255814 0.016223526077097507 0.04158139534883721
0 0.7589285714285714 0.7975906976744186 0.02292329931972789 0.0414946511627907
0 0.7859750566893424 0.8040697674418604 0.020935827664399092 0.0419993023255814
0 0.8080668934240364 0.8089697674418606 0.016954024943310657 0.037399534883720935
0 0.9374773242630385 0.8235046511627908 0.018587188208616778 0.040834651162790704
0 0.9850566893424036 0.5037372093023256 0.01805028344671202 0.04070372093023256
0 0.9625226757369615 0.49966744186046513 0.020265249433106577 0.04057279069767442
0 0.9366099773242631 0.496346511627907 0.019384126984126986 0.03889488372093023
0 0.9117687074829931 0.49277441860465115 0.01685952380952381 0.03930860465116279
0 0.8872902494331066 0.488953488372093 0.021960884353741494 0.05174302325581396
0 0.8588038548752834 0.48579767441860466 0.017617063492063493 0.038849534883720935
0 0.8306009070294785 0.4843860465116279 0.020164625850340137 0.04295837209302326
0 0.7642913832199547 0.4744186046511628 0.019083560090702948 0.04128348837209302
0 0.6240079365079365 0.468853488372093 0.01959829931972789 0.03820604651162791
0 0.6043083900226758 0.4680232558139535 0.01580719954648526 0.038974418604651166
0 0.581672335600907 0.4602162790697674 0.021245691609977326 0.05018511627906976
0 0.5557176870748299 0.4652 0.02036626984126984 0.03943139534883721
0 0.5346009070294784 0.45905348837209303 0.012912981859410432 0.041286511627906974
0 0.5127755102040816 0.454153488372093 0.01693843537414966 0.03761093023255814
0 0.48872278911564626 0.4513279069767442 0.020929761904761902 0.04645604651162791
0 0.4604591836734694 0.4455139534883721 0.019381632653061226 0.038240232558139534
0 0.43594104308390025 0.4445186046511628 0.018087868480725623 0.039078604651162786
0 0.41342743764172335 0.44011627906976747 0.01735328798185941 0.04193
0 0.3892738095238095 0.43621162790697676 0.015839625850340135 0.042118604651162794
0 0.36655725623582763 0.4333046511627907 0.018116156462585034 0.04027488372093024
0 0.3434160997732426 0.4282395348837209 0.0152578231292517 0.040683953488372095
0 0.3212261904761905 0.42425348837209303 0.017302834467120182 0.03892046511627907
0 0.36621315192743764 0.6963372093023256 0.017362698412698413 0.039810000000000005
2 0.25425170068 0.445348837209 0.0572562358277 0.0860465116279
