0 0.020833333333333332 0.6370441860465116 0.019259523809523806 0.04493581395348837
0 0.2544138321995465 0.7131232558139534 0.024011451247165534 0.051254418604651165
0 0.20414229024943312 0.4768279069767442 0.022799603174603174 0.04258116279069767
0 0.33134920634920634 0.7627906976744186 0.013075510204081634 0.045031395348837204
0 0.21222052154195012 0.5335558139534884 0.019217403628117916 0.04912209302325581
0 0.20928514739229023 0.5905325581395349 0.01996626984126984 0.05182186046511628
0 0.24647732426303856 0.5506651162790698 0.01800544217687075 0.04383953488372093
0 0.23939115646258505 0.5975093023255813 0.024220918367346942 0.057279069767441855
0 0.27340476190476193 0.6107139534883722 0.02106729024943311 0.05186255813953488
0 0.30320691609977324 0.6196023255813953 0.017136507936507936 0.042851860465116284
0 0.27595578231292517 0.5519930232558139 0.023165532879818592 0.047423023255813955
0 0.36096938775510207 0.516860465116279 0.019791383219954647 0.0440546511627907
0 0.3984047619047619 0.5187697674418604 0.022714739229024946 0.052956046511627906
0 0.4227403628117914 0.5240023255813954 0.015152494331065759 0.03998488372093023
0 0.4518951247165533 0.5282395348837209 0.01939467120181406 0.04599581395348837
0 0.49526247165532883 0.5341372093023256 0.02217375283446712 0.04525395348837209
0 0.6920578231292517 0.19676069767441862 0.008254761904761905 0.0636153488372093
0 0.7686451247165533 0.27209302325581397 0.018475736961451248 0.07686790697674419
0 0.6841609977324262 0.825 0.01765300453514739 0.04235279069767442
0 0.7057199546485261 0.8263279069767443 0.0181531179138322 0.04307697674418604
0 0.7304421768707483 0.8301488372093023 0.016974603174603173 0.03982488372093024
0 0.7608333333333333 0.8299837209302325 0.022146201814058956 0.043015348837209304
0 0.7878174603174604 0.8376255813953488 0.020216609977324263 0.04012441860465116
0 0.8098866213151928 0.8431883720930233 0.017388492063492064 0.039898604651162795
0 0.9870408163265306 0.5514953488372093 0.017981632653061224 0.043007674418604654
0 0.9647902494331067 0.5460139534883721 0.02047057823129252 0.04470511627906976
0 0.9384126984126984 0.542193023255814 0.01887057823129252 0.04052232558139535
0 0.9139342403628118 0.5371255813953488 0.01619404761904762 0.04419
0 0.8891326530612246 0.5300674418604652 0.02197329931972789 0.05428372093023256
0 0.8603798185941043 0.5302325581395348 0.017244897959183676 0.043509302325581395
0 0.8323185941043084 0.5264116279069767 0.01970685941043084 0.04207209302325582
0 0.7664172335600907 0.5163627906976744 0.018906519274376418 0.04401674418604651
0 0.6259920634920635 0.5080558139534884 0.019294841269841267 0.039766511627906974
0 0.6066950113378685 0.5073093023255814 0.01638877551020408 0.03974325581395349
0 0.5839002267573696 0.5004162790697675 0.020998299319727888 0.05450604651162791
0 0.558045918367347 0.502906976744186 0.020152947845804986 0.04121581395348837
0 0.5369087301587302 0.49617906976744186 0.012350340136054423 0.03886372093023256
0 0.5154478458049887 0.49186046511627907 0.016239115646258503 0.03587232558139535
0 0.4904642857142857 0.48762558139534884 0.019668764172335602 0.04526860465116279
0 0.4627267573696145 0.4803162790697674 0.019859410430839 0.04337930232558139
0 0.4383503401360544 0.476246511627907 0.018744614512471655 0.04116046511627908
0 0.4159982993197279 0.4736720930232558 0.01701298185941043 0.03983953488372093
0 0.39198639455782314 0.47084651162790697 0.016677834467120182 0.04145627906976744
0 0.36900736961451247 0.46378837209302326 0.017591836734693878 0.04307348837209302
0 0.3460481859410431 0.45872093023255817 0.014978117913832198 0.04362162790697675
0 0.32404024943310655 0.45323953488372093 0.01724433106575964 0.043073023255813955
0 0.18270975056689343 0.694593023255814 0.018934070294784583 0.05472046511627907
3 0.352607709751 0.76511627907 0.0238095238095 0.0604651162791
2 0.256519274376 0.468604651163 0.0572562358277 0.104651162791
3 0.304421768707 0.494186046512 0.0238095238095 0.0627906976744
