0 0.017573696145124718 0.615946511627907 0.019870408163265307 0.04326209302325581
0 0.37040419501133787 0.738039534883721 0.01681541950113379 0.07976558139534884
0 0.5506763038548753 0.675 0.023400170068027214 0.04350627906976744
0 0.6409920634920635 0.7273255813953489 0.022197108843537417 0.04232511627906977
0 0.20068027210884354 0.4392023255813953 0.021476643990929703 0.04586697674418604
0 0.6202210884353742 0.7296511627906976 0.012222562358276644 0.03404441860465116
0 0.20922392290249434 0.4965953488372093 0.019166950113378683 0.0463446511627907
0 0.20527607709750567 0.5530720930232558 0.020066836734693876 0.04187418604651163
0 0.24252891156462586 0.5097186046511628 0.016821882086167802 0.038964651162790694
0 0.23503798185941044 0.5585558139534884 0.02257528344671202 0.04945860465116279
0 0.11105045351473923 0.9469279069767441 0.009652267573696144 0.08979837209302326
0 0.27052947845804987 0.5710139534883721 0.020944331065759637 0.039426744186046504
0 0.3001496598639456 0.5730069767441861 0.01841020408163265 0.03875697674418605
0 0.2733639455782313 0.5094674418604651 0.023853798185941043 0.04710372093023256
0 0.30199206349206353 0.45 0.021849999999999998 0.05115581395348837
0 0.35817517006802724 0.4669441860465116 0.02096575963718821 0.04299627906976744
0 0.3955294784580499 0.46744186046511627 0.022513775510204084 0.04983395348837209
0 0.4198248299319728 0.4759139534883721 0.015807539682539683 0.039119767441860465
0 0.44938435374149666 0.4768279069767442 0.02033469387755102 0.03900162790697675
0 0.49216496598639453 0.4808139534883721 0.022425453514739232 0.04119139534883721
0 0.6891609977324263 0.1221760465116279 0.009049433106575964 0.07166023255813954
0 0.7654478458049887 0.20290697674418604 0.018181009070294785 0.07572720930232558
0 0.6818310657596371 0.7776581395348836 0.01846842403628118 0.04150976744186047
0 0.70297052154195 0.7785720930232558 0.018584580498866212 0.03655023255813954
0 0.7281746031746031 0.7792348837209303 0.016382879818594105 0.0434046511627907
0 0.7582199546485261 0.7806488372093022 0.022708843537414966 0.03986953488372093
0 0.785124716553288 0.786046511627907 0.020931632653061225 0.03888209302325581
0 0.807375283446712 0.7893697674418604 0.017752437641723358 0.03775186046511628
0 0.9368537414965986 0.8052325581395349 0.01869875283446712 0.039206744186046506
0 0.9843877551020408 0.4822255813953488 0.01838696145124717 0.03864953488372093
0 0.9622222222222222 0.4790697674418605 0.020193934240362813 0.037393720930232556
0 0.9357993197278912 0.476246511627907 0.01912511337868481 0.035663023255813955
0 0.9109977324263039 0.4719279069767442 0.01682125850340136 0.037934883720930235
0 0.8867233560090704 0.46835581395348835 0.021716043083900224 0.05073093023255814
0 0.8577721088435374 0.4654488372093023 0.017291553287981862 0.03753627906976744
0 0.8297108843537414 0.46245813953488374 0.020463321995464853 0.03879906976744186
0 0.7634013605442177 0.45465116279069767 0.01827545351473923 0.03798325581395349
0 0.6223469387755102 0.44867209302325584 0.01885283446712018 0.036777906976744185
0 0.603781179138322 0.4500837209302326 0.015784240362811792 0.037404418604651164
0 0.580844671201814 0.44285813953488373 0.02144642857142857 0.04374558139534884
0 0.5548673469387755 0.4437697674418605 0.020478061224489797 0.036073720930232554
0 0.5335884353741497 0.44069767441860463 0.013072052154195012 0.03819348837209303
0 0.5124109977324263 0.43671162790697676 0.017784297052154195 0.03710976744186047
0 0.48799376417233564 0.43396976744186044 0.02071298185941043 0.0414993023255814
0 0.4603378684807256 0.42981627906976744 0.01970651927437642 0.03607674418604651
0 0.43569784580498866 0.4255813953488372 0.01862420634920635 0.03754744186046511
0 0.4131235827664399 0.4225093023255814 0.017449773242630386 0.04102279069767442
0 0.3887675736961451 0.4199325581395349 0.015769160997732425 0.04123488372093024
0 0.36609183673469387 0.4154488372093023 0.0183015873015873 0.039188604651162785
0 0.34290986394557826 0.4095511627906977 0.01604438775510204 0.04227651162790697
0 0.32078061224489796 0.40772325581395347 0.01715748299319728 0.0383846511627907
0 0.43666383219954646 0.6779651162790697 0.017671371882086166 0.03913046511627907
2 0.252551020408 0.433720930233 0.0572562358277 0.0860465116279
