0 0.020549886621315194 0.6305651162790697 0.01925878684807256 0.04794906976744186
0 0.3654438775510204 0.8787372093023257 0.009779251700680272 0.08155790697674418
0 0.32063888888888886 0.7046511627906977 0.023839342403628117 0.053919534883720935
0 0.4194404761904762 0.7472581395348837 0.021924433106575963 0.05125581395348837
0 0.20353514739229026 0.4626255813953488 0.022374433106575962 0.04619674418604651
0 0.3985867346938775 0.7501651162790698 0.012894501133786847 0.042284883720930234
0 0.21163321995464854 0.5226744186046511 0.018455895691609974 0.041463255813953485
0 0.20784750566893423 0.5779906976744186 0.01936122448979592 0.05419372093023256
0 0.24550510204081635 0.5382883720930233 0.016109807256235828 0.044791627906976744
0 0.2380748299319728 0.5850488372093023 0.023325907029478458 0.05753395348837209
0 0.11372278911564626 0.9605488372093023 0.008579875283446711 0.07672023255813953
0 0.2728577097505669 0.5988372093023255 0.02119722222222222 0.04700697674418605
0 0.30257936507936506 0.6052325581395349 0.01711581632653061 0.04334348837209302
0 0.2754087301587302 0.5394511627906977 0.023825963718820863 0.04670697674418604
0 0.3043202947845805 0.48097906976744187 0.021394274376417232 0.056712790697674424
0 0.3602403628117914 0.5011627906976744 0.02060765306122449 0.04611418604651163
0 0.39818197278911566 0.5035720930232558 0.02251893424036281 0.05147325581395349
0 0.42235600907029475 0.5104651162790698 0.015240759637188208 0.039636279069767445
0 0.4514699546485261 0.513953488372093 0.021496485260770977 0.04287093023255814
0 0.4947766439909297 0.5204325581395349 0.022756802721088435 0.04853720930232558
0 0.6917743764172335 0.17649511627906977 0.009546995464852609 0.0686560465116279
0 0.7683219954648526 0.2524906976744186 0.01918985260770975 0.07958441860465117
0 0.6841383219954649 0.8096348837209302 0.01770890022675737 0.04412186046511628
0 0.7055215419501134 0.8100488372093024 0.017794104308390023 0.04162093023255813
0 0.7306065759637188 0.8124581395348838 0.01574495464852608 0.04670441860465116
0 0.7607936507936508 0.8146186046511628 0.022253911564625847 0.04402674418604651
0 0.7878174603174604 0.8205139534883722 0.020259693877551024 0.04459209302325582
0 0.8094444444444444 0.8255813953488372 0.01735640589569161 0.04367441860465116
0 0.986921768707483 0.5310627906976744 0.018355272108843537 0.04644604651162791
0 0.9644047619047619 0.5264953488372093 0.019659070294784583 0.04400813953488372
0 0.9382086167800453 0.5223418604651163 0.018764739229024944 0.04536418604651162
0 0.9137131519274376 0.5191023255813954 0.016601530612244897 0.04315651162790698
0 0.8886451247165532 0.5125418604651163 0.021632142857142857 0.05290186046511628
0 0.8600793650793651 0.5106302325581396 0.01816819727891156 0.04388837209302326
0 0.8319557823129251 0.5093860465116279 0.01961156462585034 0.03964581395348837
0 0.7658730158730159 0.49833953488372096 0.018270861678004534 0.046618372093023254
0 0.6253061224489795 0.4913627906976744 0.01927278911564626 0.03933441860465116
0 0.6061281179138323 0.48969999999999997 0.015256916099773242 0.040733023255813954
0 0.5833106575963719 0.4827232558139535 0.021727380952380953 0.05289162790697675
0 0.5574790249433107 0.48613023255813953 0.019995068027210884 0.03988953488372093
0 0.5361394557823129 0.4796511627906977 0.01296502267573696 0.044048837209302326
0 0.5146785714285714 0.47583023255813955 0.016365816326530613 0.03749976744186047
0 0.49030215419501133 0.46960232558139536 0.02040192743764172 0.04761046511627907
0 0.4627670068027211 0.46511627906976744 0.0195875283446712 0.041960232558139535
0 0.4385323129251701 0.4627906976744186 0.017960034013605443 0.04157279069767442
0 0.4154115646258503 0.45722558139534886 0.018154931972789116 0.0458946511627907
0 0.39182482993197276 0.45382093023255815 0.01645051020408163 0.046583255813953485
0 0.3686428571428571 0.45066511627906974 0.01806394557823129 0.04049581395348837
0 0.34562301587301586 0.4456813953488372 0.015280782312925172 0.04605186046511628
0 0.32335204081632657 0.4402 0.01746575963718821 0.04204744186046512
0 0.23765589569161 0.6984302325581395 0.017668367346938777 0.04628488372093023
2 0.255102040816 0.455813953488 0.0578231292517 0.0976744186047
