0 0.019436337868480726 0.6306488372093023 0.019840022675736962 0.04848697674418605
0 0.3648163265306122 0.8642023255813954 0.009820521541950114 0.08043674418604652
0 0.3430515873015873 0.7026581395348837 0.02299574829931973 0.05141976744186046
0 0.4416706349206349 0.7418604651162791 0.02207267573696145 0.053469534883720936
0 0.20266439909297052 0.4629558139534884 0.02170011337868481 0.04468348837209302
0 0.4207159863945578 0.748339534883721 0.013558786848072562 0.04105511627906977
0 0.2104795918367347 0.5216767441860465 0.018614285714285715 0.04040325581395349
0 0.20683503401360545 0.5754976744186047 0.01865969387755102 0.04939139534883721
0 0.24483730158730158 0.5362953488372093 0.016607482993197278 0.04311232558139535
0 0.23777154195011335 0.5829744186046512 0.02358922902494331 0.06081651162790697
0 0.11293310657596371 0.9600488372093023 0.008989965986394557 0.07641813953488372
0 0.27216950113378685 0.596013953488372 0.022078571428571427 0.04867093023255814
0 0.3020124716553288 0.6042348837209303 0.01745283446712018 0.041650465116279074
0 0.27461961451247163 0.5384558139534884 0.023970861678004534 0.04566906976744186
0 0.30316666666666664 0.4781558139534884 0.021397619047619047 0.05779651162790698
0 0.35953174603174604 0.49925348837209305 0.020262358276643994 0.04524488372093023
0 0.3972709750566893 0.500746511627907 0.02272908163265306 0.05575441860465116
0 0.42201190476190475 0.5083046511627907 0.01575238095238095 0.04035418604651163
0 0.4508424036281179 0.5104651162790698 0.0200859410430839 0.04351046511627907
0 0.4942295918367347 0.5166953488372094 0.022880385487528344 0.04713953488372093
0 0.6909807256235828 0.17201 0.008446938775510204 0.06631604651162791
0 0.7674943310657596 0.24858837209302326 0.01846235827664399 0.07647116279069767
0 0.6833106575963718 0.8098 0.01760714285714286 0.04071860465116279
0 0.704342403628118 0.8092186046511628 0.018199716553287983 0.04094604651162791
0 0.7294897959183673 0.811793023255814 0.016293990929705217 0.043954186046511634
0 0.7600226757369615 0.8137046511627907 0.02234092970521542 0.04546116279069768
0 0.786485260770975 0.818853488372093 0.020417460317460317 0.043944883720930236
0 0.8086337868480726 0.8240023255813954 0.0172843537414966 0.04283953488372093
0 0.9858673469387754 0.526993023255814 0.018052097505668933 0.04652348837209302
0 0.963514739229025 0.5235046511627907 0.019578571428571428 0.04271325581395349
0 0.9370521541950113 0.5186883720930232 0.018331746031746032 0.04240627906976744
0 0.9124773242630385 0.5157813953488372 0.01677108843537415 0.04364581395348838
0 0.887874149659864 0.5099674418604652 0.02247137188208617 0.05229372093023256
0 0.8596541950113379 0.5068116279069768 0.017888378684807256 0.04349953488372093
0 0.8313718820861677 0.5031558139534884 0.019585374149659864 0.04141325581395349
0 0.7646768707482994 0.4951 0.017958673469387756 0.04493279069767442
0 0.6246541950113379 0.4880395348837209 0.01864047619047619 0.04030860465116279
0 0.6051984126984127 0.48795581395348836 0.014980725623582766 0.04036953488372093
0 0.5824603174603175 0.4812302325581395 0.02145453514739229 0.05201767441860465
0 0.5566286848072562 0.4838860465116279 0.02046139455782313 0.039081860465116275
0 0.5353497732426303 0.47732558139534886 0.0131171768707483 0.04362232558139535
0 0.5137675736961451 0.47267441860465115 0.01683015873015873 0.03444279069767442
0 0.4892896825396825 0.46719302325581397 0.020724319727891155 0.046120697674418606
0 0.46167403628117915 0.46237441860465117 0.01915963718820862 0.04386511627906976
0 0.4374189342403628 0.46096279069767443 0.01869954648526077 0.044571627906976746
0 0.41500623582766444 0.4545674418604651 0.017916496598639458 0.04583674418604652
0 0.390609977324263 0.4513279069767442 0.015968990929705214 0.044609767441860466
0 0.3679540816326531 0.44692790697674417 0.018139172335600907 0.04296883720930233
0 0.344812925170068 0.44310697674418603 0.01588185941043084 0.04429674418604651
0 0.32262301587301584 0.4375418604651163 0.01791139455782313 0.0404453488372093
0 0.25744047619047616 0.6994186046511628 0.018174376417233563 0.045247674418604646
2 0.254818594104 0.455813953488 0.0583900226757 0.102325581395
