0 0.018201303854875284 0.6219279069767442 0.0194984126984127 0.04495372093023256
0 0.36394557823129253 0.8229232558139535 0.010420691609977325 0.08045674418604652
0 0.41664625850340137 0.6862116279069768 0.02295799319727891 0.045518837209302325
0 0.512937074829932 0.7333046511627908 0.022407426303854873 0.048270697674418606
0 0.2011865079365079 0.4513279069767442 0.02172624716553288 0.04939116279069767
0 0.49216496598639453 0.7333046511627908 0.012335374149659864 0.04009186046511628
0 0.2100340136054422 0.5078069767441861 0.018754761904761903 0.04338162790697674
0 0.2060657596371882 0.5631232558139535 0.01957874149659864 0.045836046511627905
0 0.24366269841269841 0.5224255813953489 0.016987585034013607 0.042053488372093016
0 0.2362125850340136 0.5709302325581396 0.022431746031746032 0.054766046511627905
0 0.11165759637188208 0.9545674418604652 0.00946655328798186 0.08754697674418606
0 0.27085374149659863 0.583139534883721 0.021420691609977324 0.041422093023255814
0 0.3007772108843538 0.588039534883721 0.017365249433106578 0.0407139534883721
0 0.27356632653061225 0.5221767441860465 0.023689569160997733 0.04541558139534884
0 0.30219444444444443 0.46420232558139535 0.021471201814058958 0.05682813953488372
0 0.35799319727891155 0.48214186046511626 0.02137205215419501 0.043988372093023254
0 0.39629875283446714 0.4846348837209302 0.023452437641723358 0.05310674418604651
0 0.42008843537414964 0.4921093023255814 0.015207993197278911 0.04093418604651163
0 0.4497086167800453 0.49402093023255816 0.01994138321995465 0.04076279069767442
0 0.49297448979591835 0.49966744186046513 0.02189189342403628 0.04276883720930232
0 0.6897052154195011 0.15008302325581396 0.00855062358276644 0.06601279069767442
0 0.7667006802721089 0.22890372093023256 0.018480385487528346 0.0764020930232558
0 0.6827210884353742 0.7941023255813954 0.017683163265306123 0.039418604651162786
0 0.7036167800453516 0.7935209302325581 0.018505385487528347 0.039525581395348834
0 0.7286394557823129 0.7960139534883721 0.016050793650793652 0.042294186046511625
0 0.759172335600907 0.7974255813953488 0.02220748299319728 0.0440393023255814
0 0.7858786848072562 0.8022418604651163 0.02151706349206349 0.04376162790697674
0 0.8079875283446711 0.8082232558139535 0.016758390022675738 0.03932441860465117
0 0.9359410430839002 0.8227581395348837 0.020679195011337866 0.0380606976744186
0 0.9847562358276644 0.5062302325581396 0.01831184807256236 0.042455813953488374
0 0.9627267573696145 0.5018279069767442 0.020296371882086165 0.04209581395348837
0 0.9361224489795918 0.4984209302325581 0.019571995464852606 0.041304651162790695
0 0.9116439909297053 0.4947674418604651 0.016893197278911566 0.03949348837209302
0 0.8870068027210884 0.48995116279069767 0.021907709750566894 0.05222441860465116
0 0.8585374149659865 0.48696046511627905 0.0175218820861678 0.04041325581395349
0 0.8302551020408163 0.48563023255813953 0.020340419501133786 0.04263279069767442
0 0.7640702947845804 0.4764953488372093 0.019173922902494332 0.04421813953488372
0 0.6234183673469388 0.46985116279069766 0.018208390022675738 0.03842348837209302
0 0.604671201814059 0.46926976744186044 0.01588577097505669 0.04180372093023256
0 0.5816326530612245 0.46270697674418604 0.021142857142857144 0.0516106976744186
0 0.5555351473922903 0.4657813953488372 0.020288945578231295 0.03816651162790698
0 0.5345804988662132 0.4595511627906977 0.012928004535147392 0.037805581395348835
0 0.5128764172335601 0.45481627906976746 0.016874886621315192 0.03772418604651163
0 0.48858106575963717 0.45074651162790697 0.02068973922902494 0.046
0 0.46066156462585034 0.4459302325581395 0.01935073696145125 0.03987511627906977
0 0.4358197278911564 0.4436046511627907 0.018910997732426306 0.040858139534883715
0 0.4135691609977324 0.4387046511627907 0.017979421768707482 0.04298883720930232
0 0.38911167800453517 0.4351325581395349 0.01602312925170068 0.04386
0 0.3664155328798186 0.43206046511627905 0.017573696145124718 0.03853813953488372
0 0.34424603174603174 0.42790697674418604 0.015551984126984128 0.04417232558139535
0 0.32177267573696144 0.42184418604651164 0.016620748299319726 0.04072093023255814
0 0.32159863945578226 0.6920348837209302 0.017764795918367347 0.04210325581395349
2 0.253684807256 0.443023255814 0.0561224489796 0.0953488372093
