0 0.018221598639455782 0.6168604651162791 0.01957766439909297 0.04108395348837209
0 0.08655272108843537 0.06387046511627907 0.009720294784580499 0.09057
0 0.38328061224489796 0.7034046511627907 0.019334750566893422 0.0634486046511628
0 0.609671201814059 0.6745837209302327 0.02331530612244898 0.041713255813953486
0 0.6953968253968255 0.726246511627907 0.02211434240362812 0.04100372093023256
0 0.20161167800453514 0.4400325581395349 0.022171541950113376 0.04921953488372093
0 0.6750510204081632 0.7264116279069768 0.011756179138321995 0.0315
0 0.20981122448979594 0.49426976744186046 0.018571938775510204 0.04939348837209302
0 0.20576190476190476 0.5531558139534883 0.01976122448979592 0.03894906976744186
0 0.24260997732426304 0.5088860465116279 0.016532766439909297 0.039473488372093024
0 0.23635430839002267 0.5578906976744186 0.023068934240362812 0.047159302325581395
0 0.11151587301587301 0.9484209302325582 0.00922046485260771 0.09045976744186046
0 0.2709546485260771 0.5673581395348837 0.02100277777777778 0.038401860465116275
0 0.3005549886621315 0.5715953488372093 0.01802312925170068 0.04017558139534884
0 0.2738299319727891 0.5074744186046511 0.023966609977324263 0.04491441860465116
0 0.30225566893424033 0.4485046511627907 0.021718650793650793 0.04791162790697674
0 0.3586615646258503 0.4627906976744186 0.02054954648526077 0.04038186046511628
0 0.3958333333333333 0.4629558139534884 0.023229478458049884 0.048724186046511624
0 0.4201082766439909 0.47117906976744184 0.015836167800453514 0.0375253488372093
0 0.4502755102040816 0.47392093023255816 0.020049433106575962 0.03933488372093023
0 0.49307596371882084 0.4770767441860465 0.021341326530612242 0.040624651162790695
0 0.6897675736961452 0.11345511627906976 0.009356009070294786 0.07131046511627907
0 0.7662585034013606 0.19568116279069767 0.018203401360544217 0.07323930232558139
0 0.6826417233560091 0.7740860465116279 0.017077947845804988 0.03806627906976744
0 0.7037585034013606 0.7764953488372093 0.018448809523809524 0.03677348837209302
0 0.728843537414966 0.7770767441860464 0.016583503401360545 0.042076046511627906
0 0.7591496598639457 0.776246511627907 0.022371825396825397 0.03876023255813953
0 0.7858333333333334 0.7813953488372093 0.0203093537414966 0.03726581395348837
0 0.8080272108843537 0.786046511627907 0.0174265873015873 0.03676186046511628
0 0.9387131519274377 0.799253488372093 0.017445521541950115 0.040388139534883724
0 0.9853004535147392 0.47491627906976747 0.018204138321995463 0.036573023255813956
0 0.9628684807256236 0.47084651162790697 0.020332199546485262 0.03434069767441861
0 0.936468253968254 0.46968372093023253 0.019442120181405897 0.03635
0 0.9117290249433107 0.46553255813953487 0.017018083900226758 0.03631372093023256
0 0.8871655328798186 0.4606302325581395 0.02118157596371882 0.047137674418604655
0 0.858843537414966 0.4595511627906977 0.017126984126984126 0.03718860465116279
0 0.8301530612244898 0.4563116279069767 0.021011337868480726 0.03786139534883721
0 0.7640079365079365 0.44950232558139536 0.018537244897959184 0.03722511627906976
0 0.6230952380952381 0.4439372093023256 0.01872375283446712 0.03725744186046512
0 0.6041043083900227 0.4436046511627907 0.016751587301587302 0.03609418604651163
0 0.581592970521542 0.4394511627906977 0.020580725623582766 0.04329488372093024
0 0.5554948979591837 0.44069767441860463 0.020808786848072563 0.03789627906976745
0 0.534155328798186 0.4359627906976744 0.012797335600907029 0.03781279069767442
0 0.5125731292517006 0.43189302325581397 0.016905385487528346 0.03412255813953489
0 0.4884393424036281 0.4292348837209302 0.02015 0.03806255813953489
0 0.46058049886621316 0.4253325581395349 0.019363832199546488 0.03649232558139535
0 0.43648752834467125 0.42283953488372095 0.01946111111111111 0.035446976744186044
0 0.4135890022675737 0.4182720930232558 0.01752222222222222 0.03969372093023256
0 0.38963775510204085 0.4165279069767442 0.01610328798185941 0.039910697674418606
0 0.36659807256235827 0.4119604651162791 0.01850204081632653 0.03952325581395349
0 0.3437806122448979 0.4088860465116279 0.015522335600907029 0.03742674418604651
0 0.32128684807256236 0.40531627906976747 0.017776133786848072 0.0398153488372093
0 0.4885912698412698 0.6736046511627907 0.017008333333333334 0.04007860465116279
2 0.253684807256 0.432558139535 0.0561224489796 0.0837209302326
