0 0.02233157596371882 0.6088860465116279 0.019939625850340134 0.04011116279069768
0 0.0864109977324263 0.09950162790697674 0.008845238095238095 0.08456116279069767
0 0.4478458049886621 0.6681069767441861 0.018425056689342405 0.03733860465116279
0 0.8326870748299319 0.6629558139534885 0.02309189342403628 0.03915
0 0.8827154195011337 0.7170255813953489 0.022263378684807253 0.040560930232558134
0 0.19976927437641723 0.42375348837209303 0.020356122448979594 0.046722325581395344
0 0.8625056689342404 0.7166116279069766 0.011759297052154196 0.03298953488372093
0 0.2084750566893424 0.4761627906976744 0.0190468820861678 0.04268046511627907
0 0.20258333333333334 0.5381232558139535 0.019493537414965987 0.037793023255813955
0 0.24214455782312924 0.4906139534883721 0.01658798185941043 0.034440697674418604
0 0.23394501133786846 0.5404488372093024 0.022778174603174606 0.04442720930232558
0 0.11129308390022676 0.9388697674418605 0.009555442176870748 0.09043046511627907
0 0.27048922902494327 0.5476744186046512 0.02162125850340136 0.03752581395348837
0 0.3000685941043084 0.5504162790697674 0.01681808390022676 0.035324651162790696
0 0.2730198412698413 0.4872093023255814 0.022736507936507937 0.040779767441860466
0 0.30164795918367343 0.4279906976744186 0.022100680272108843 0.04387767441860465
0 0.35795294784580495 0.437706976744186 0.02066502267573696 0.0427553488372093
0 0.3956513605442177 0.4420255813953488 0.023905102040816327 0.04676511627906977
0 0.4197845804988662 0.44584651162790695 0.014884750566893423 0.040929767441860464
0 0.4493645124716553 0.4460139534883721 0.01982624716553288 0.040092790697674414
0 0.49259013605442176 0.44867209302325584 0.02238843537414966 0.03937488372093023
0 0.6884297052154196 0.07649511627906976 0.009585600907029477 0.07469209302325582
0 0.7653684807256236 0.16586372093023255 0.0188515306122449 0.07724139534883721
0 0.6816893424036281 0.7552325581395349 0.018099943310657597 0.03754
0 0.7032709750566893 0.7557302325581395 0.018894671201814057 0.0392146511627907
0 0.7281746031746031 0.7579744186046511 0.01635890022675737 0.03787372093023256
0 0.7584410430839003 0.7584720930232558 0.02283395691609977 0.03667162790697675
0 0.7850283446712017 0.7597186046511627 0.020657142857142857 0.03867558139534884
0 0.8070918367346939 0.7644511627906977 0.017302437641723355 0.03664767441860465
0 0.9380272108843538 0.7730906976744185 0.017344727891156462 0.037650465116279064
0 0.9598696145124717 0.7741697674418604 0.01593248299319728 0.03377162790697675
0 0.9842290249433107 0.44252558139534887 0.019202891156462586 0.033656744186046514
0 0.9618764172335601 0.4396186046511628 0.020249319727891155 0.0365146511627907
0 0.9360034013605442 0.43654418604651163 0.020061961451247164 0.0344746511627907
0 0.9107369614512472 0.43372093023255814 0.016805328798185942 0.03620767441860465
0 0.8865022675736961 0.4327232558139535 0.022686961451247163 0.0384860465116279
0 0.857828798185941 0.4325581395348837 0.01728327664399093 0.035675348837209304
0 0.8290419501133787 0.4275744186046512 0.0195375283446712 0.03778325581395349
0 0.7633843537414965 0.42283953488372095 0.01839801587301587 0.03282697674418605
0 0.6227097505668935 0.4176906976744186 0.019378061224489793 0.03113651162790698
0 0.6032142857142857 0.41843953488372093 0.016062301587301587 0.03377511627906977
0 0.5806179138321995 0.4147 0.021144727891156463 0.04066162790697674
0 0.5552114512471655 0.40930232558139534 0.01922465986394558 0.03384790697674419
0 0.5337908163265306 0.4049 0.012580895691609976 0.033062325581395345
0 0.5120867346938776 0.401246511627907 0.016571825396825397 0.03168511627906977
0 0.48785204081632655 0.40107906976744184 0.020591496598639455 0.037561860465116274
0 0.4598112244897959 0.3981720930232558 0.01931439909297052 0.035850697674418605
0 0.4356780045351474 0.39568139534883723 0.018156972789115645 0.03625860465116279
0 0.41251643990929704 0.39568139534883723 0.016528458049886622 0.03433395348837209
0 0.3892738095238095 0.39260697674418604 0.016251133786848074 0.03399720930232558
0 0.3663951247165533 0.3905325581395349 0.01878373015873016 0.03505139534883721
0 0.3428894557823129 0.38521627906976746 0.015161167800453514 0.03275813953488372
0 0.3206995464852608 0.3845511627906977 0.018422845804988663 0.03371255813953488
0 0.6792233560090704 0.6593023255813953 0.01689342403628118 0.03697674418604651
2 0.253968253968 0.418604651163 0.0578231292517 0.0697674418605
