0 0.02648202947845805 0.6054813953488373 0.01923265306122449 0.04031093023255814
0 0.08547959183673469 0.09734209302325582 0.008524773242630386 0.08255116279069767
0 0.4577868480725623 0.6625418604651162 0.018889229024943312 0.04041023255813954
0 0.8667403628117915 0.661046511627907 0.023368820861678005 0.03983744186046511
0 0.9103514739229024 0.7151162790697675 0.02165425170068027 0.04530023255813953
0 0.1979472789115646 0.42018372093023254 0.02039143990929705 0.043100000000000006
0 0.8896768707482994 0.7152813953488373 0.011743424036281178 0.03264720930232558
0 0.20600510204081632 0.4722581395348837 0.0187156462585034 0.040291860465116285
0 0.19956689342403627 0.5325581395348837 0.019869614512471653 0.03753162790697674
0 0.24060600907029478 0.4855488372093023 0.01590198412698413 0.03540162790697674
0 0.23210260770975055 0.5335558139534884 0.022181632653061223 0.04420395348837209
0 0.11064569160997732 0.9335558139534883 0.009666836734693877 0.08994302325581395
0 0.27000340136054424 0.5420255813953488 0.02119393424036281 0.036626976744186045
0 0.29982596371882086 0.5447674418604651 0.01760062358276644 0.03610302325581395
0 0.2723922902494331 0.4816441860465116 0.02390442176870748 0.04261372093023255
0 0.3011621315192744 0.4215953488372093 0.02194109977324263 0.04334372093023255
0 0.3568996598639456 0.43247441860465113 0.020656575963718823 0.03834558139534884
0 0.39534750566893423 0.4348 0.023128741496598642 0.04597534883720931
0 0.4194404761904762 0.4387046511627907 0.015415986394557823 0.04090674418604651
0 0.44873639455782316 0.43936976744186046 0.020129251700680275 0.03900720930232558
0 0.491921768707483 0.44302325581395346 0.022677154195011335 0.03935837209302325
0 0.6877437641723356 0.07093023255813953 0.00967108843537415 0.07802581395348837
0 0.7650850340136054 0.16196023255813952 0.01872562358276644 0.07681860465116279
0 0.6810034013605442 0.7519093023255815 0.018073412698412696 0.03831116279069768
0 0.7023809523809523 0.7544023255813953 0.018530839002267575 0.03776627906976744
0 0.7275680272108844 0.7553976744186047 0.015645408163265307 0.03930581395348837
0 0.7577154195011337 0.7565604651162792 0.0226015873015873 0.03584883720930233
0 0.7846031746031746 0.7578069767441861 0.020841609977324264 0.038247906976744184
0 0.8065873015873015 0.7622930232558139 0.017235317460317458 0.03675697674418605
0 0.8310260770975058 0.7625418604651162 0.020019160997732426 0.03662186046511628
0 0.9376643990929705 0.7700999999999999 0.017320351473922902 0.03874511627906976
0 0.9592063492063492 0.7703488372093024 0.01649246031746032 0.033006976744186046
0 0.983701814058957 0.43845581395348837 0.0185047052154195 0.037020465116279065
0 0.9612698412698413 0.4349674418604651 0.02047953514739229 0.03591767441860465
0 0.9350283446712019 0.4325581395348837 0.01927766439909297 0.03469860465116279
0 0.9098866213151927 0.42956744186046514 0.016616950113378687 0.035980232558139535
0 0.8859353741496598 0.4282395348837209 0.02199268707482993 0.03635441860465116
0 0.8572619047619048 0.4284046511627907 0.016461791383219956 0.03279162790697675
0 0.8284920634920635 0.42333953488372095 0.01962108843537415 0.03910627906976744
0 0.7624943310657596 0.41835581395348836 0.018635374149659864 0.03779581395348837
0 0.6227097505668935 0.4043186046511628 0.018705895691609978 0.03106558139534884
0 0.6032936507936508 0.4050674418604651 0.016632653061224488 0.034475581395348835
0 0.5806009070294785 0.40107906976744184 0.021088151927437643 0.03971232558139535
0 0.5547052154195011 0.4003325581395349 0.01940890022675737 0.03661697674418605
0 0.533203514739229 0.39933488372093023 0.012665362811791384 0.03375627906976744
0 0.5116615646258503 0.3944348837209302 0.016129138321995463 0.03167441860465116
0 0.48712358276643986 0.3945186046511628 0.019880555555555554 0.037642093023255815
0 0.4592443310657596 0.39235813953488374 0.01929438775510204 0.03196860465116279
0 0.4352324263038549 0.388206976744186 0.018899036281179137 0.035253255813953485
0 0.4118883219954649 0.388206976744186 0.016058673469387757 0.03278395348837209
0 0.3883015873015873 0.3868767441860465 0.016321201814058956 0.03650674418604651
0 0.36595011337868477 0.38396976744186045 0.018471485260770974 0.03450511627906976
0 0.342687074829932 0.3799 0.015368027210884354 0.03287906976744186
0 0.3200719954648526 0.3789860465116279 0.018071655328798186 0.03514744186046512
0 0.7058956916099773 0.6561046511627907 0.016772222222222223 0.03642093023255814
2 0.253401360544 0.411627906977 0.0566893424036 0.0697674418605
