0 0.01824183673469388 0.6219279069767442 0.01962216553287982 0.043464883720930235
0 0.0862891156462585 0.08355488372093024 0.00927284580498866 0.09174186046511627
0 0.3905691609977325 0.6993348837209302 0.019217460317460317 0.04916348837209302
0 0.6406689342403629 0.6782395348837209 0.021905102040816325 0.0396953488372093
0 0.7225680272108843 0.7313116279069768 0.022027834467120182 0.040531627906976744
0 0.20215816326530614 0.44493255813953486 0.023130102040816326 0.04995279069767442
0 0.7021995464852608 0.7318116279069767 0.012592460317460318 0.0317246511627907
0 0.20966950113378685 0.4975906976744186 0.01825385487528345 0.041760697674418604
0 0.2056003401360544 0.5579744186046511 0.019663435374149663 0.037068837209302326
0 0.24265079365079364 0.5147837209302325 0.016833276643990928 0.03675627906976744
0 0.23603004535147393 0.5633720930232559 0.02338191609977324 0.04661651162790698
0 0.11145521541950114 0.9540697674418605 0.009549716553287983 0.08886976744186047
0 0.271015306122449 0.5730069767441861 0.020660997732426304 0.041181162790697674
0 0.3006967120181406 0.5760790697674418 0.0181140589569161 0.03831279069767442
0 0.27413321995464857 0.5122093023255814 0.024560714285714286 0.04763093023255814
0 0.3023565759637188 0.451993023255814 0.021859807256235826 0.04617023255813954
0 0.35853968253968255 0.4661953488372093 0.02082205215419501 0.04431
0 0.3957930839002267 0.4680232558139535 0.022898072562358276 0.05187279069767441
0 0.4201695011337868 0.473753488372093 0.015438718820861678 0.037487674418604656
0 0.4501536281179139 0.47458372093023254 0.02023985260770975 0.037895348837209304
0 0.4926910430839002 0.4805651162790698 0.021128458049886622 0.04227372093023256
0 0.6895861678004536 0.11403651162790697 0.00944404761904762 0.07275
0 0.7663208616780045 0.19858813953488372 0.018374376417233558 0.07878418604651163
0 0.6825170068027211 0.7776581395348836 0.017225340136054423 0.03830697674418605
0 0.7039172335600907 0.7774093023255814 0.018353231292517008 0.035005813953488375
0 0.7288605442176871 0.7812302325581395 0.016505385487528345 0.039917441860465114
0 0.7592120181405896 0.7799 0.02222454648526077 0.03690069767441861
0 0.786077097505669 0.7846348837209302 0.020362868480725622 0.0352353488372093
0 0.8080442176870749 0.7892023255813954 0.017312131519274375 0.0370853488372093
0 0.9390589569160998 0.8017441860465117 0.016940589569161 0.03997279069767442
0 0.9854251700680272 0.4766604651162791 0.01800578231292517 0.03590906976744186
0 0.9631292517006803 0.4738372093023256 0.020017573696145124 0.035486279069767444
0 0.9365079365079365 0.47117906976744184 0.01898798185941043 0.03522790697674418
0 0.9120124716553287 0.4665279069767442 0.016780725623582765 0.037302325581395346
0 0.8872675736961452 0.46353720930232556 0.0216109410430839 0.046716744186046516
0 0.858701814058957 0.4612953488372093 0.0165625283446712 0.03586627906976744
0 0.8301133786848072 0.4583046511627907 0.02058735827664399 0.03794627906976744
0 0.7644557823129252 0.45232558139534884 0.018246995464852606 0.03444744186046512
0 0.6233390022675737 0.4465953488372093 0.019115022675736962 0.03403697674418604
0 0.6039455782312925 0.4468441860465116 0.01608718820861678 0.03399139534883721
0 0.5813095238095238 0.4411139534883721 0.020557086167800456 0.04340651162790698
0 0.5556570294784581 0.44252558139534887 0.019720521541950115 0.03684186046511628
0 0.5344387755102041 0.43828837209302324 0.012472392290249433 0.03553441860465116
0 0.512592970521542 0.43563023255813954 0.017314795918367345 0.036430232558139534
0 0.4884189342403628 0.43156046511627905 0.01977959183673469 0.037735581395348834
0 0.4605606575963719 0.42882093023255813 0.019279478458049885 0.03568860465116279
0 0.4359614512471655 0.4251651162790698 0.01897233560090703 0.037447441860465114
0 0.4134676870748299 0.4225906976744186 0.01770861678004535 0.03797116279069768
0 0.3896179138321995 0.42176046511627907 0.015772448979591836 0.036588604651162794
0 0.36659807256235827 0.41702558139534884 0.018625850340136054 0.03854023255813953
0 0.3434971655328798 0.41254186046511626 0.015712414965986396 0.03858255813953488
0 0.32140816326530613 0.4088046511627907 0.018335260770975057 0.03557232558139534
0 0.5153486394557824 0.678953488372093 0.017414625850340135 0.03774325581395349
2 0.253968253968 0.438372093023 0.0566893424036 0.0767441860465
