0 0.019436337868480726 0.6306488372093023 0.019102267573696142 0.04429813953488372
0 0.36471485260770975 0.842939534883721 0.009590702947845805 0.08050232558139535
0 0.3922295918367347 0.6997511627906976 0.02283832199546485 0.0481693023255814
0 0.48884410430839004 0.7436046511627907 0.02233809523809524 0.05252837209302325
0 0.20213775510204082 0.46237441860465117 0.022473696145124716 0.04883883720930232
0 0.46829421768707485 0.7418604651162791 0.012452607709750567 0.04126441860465117
0 0.21074263038548752 0.5214279069767442 0.01830391156462585 0.04546906976744186
0 0.2075844671201814 0.5763279069767442 0.02020147392290249 0.04930418604651163
0 0.24437131519274377 0.5345511627906977 0.016786791383219955 0.044073488372093024
0 0.23726530612244898 0.5833046511627907 0.02256218820861678 0.055433488372093026
0 0.11264965986394558 0.9602999999999999 0.008845294784580498 0.07626325581395349
0 0.2719268707482993 0.5960953488372094 0.021162471655328797 0.043340465116279064
0 0.3018707482993197 0.6000837209302325 0.017659183673469386 0.04323581395348837
0 0.2742953514739229 0.5353 0.0234718820861678 0.045629767441860467
0 0.302781746031746 0.475746511627907 0.02126014739229025 0.05772
0 0.3592284580498866 0.49551395348837207 0.020764229024943313 0.04417511627906977
0 0.39712925170068025 0.49925348837209305 0.023410827664399093 0.05445906976744186
0 0.4205538548752834 0.5052325581395349 0.015634126984126986 0.039670465116279065
0 0.45064002267573694 0.5073093023255814 0.0203984693877551 0.04022348837209302
0 0.49366269841269844 0.5126255813953489 0.022769104308390024 0.04729279069767441
0 0.6907993197278911 0.16470093023255813 0.009136337868480724 0.06885023255813953
0 0.7672902494331065 0.24252558139534883 0.01820515873015873 0.0756353488372093
0 0.6832482993197279 0.8057302325581396 0.01758231292517007 0.04282116279069768
0 0.7039399092970522 0.8065604651162791 0.018360090702947845 0.040619999999999996
0 0.7295294784580499 0.8077232558139535 0.01653701814058957 0.045779534883720926
0 0.7596145124716553 0.8087209302325581 0.022761507936507937 0.04538418604651163
0 0.7866043083900226 0.8156139534883721 0.021082369614512472 0.042083488372093025
0 0.8086961451247165 0.820846511627907 0.01702562358276644 0.04175
0 0.9857482993197278 0.5211790697674419 0.018479591836734692 0.041260232558139535
0 0.9637414965986394 0.5153651162790698 0.020452891156462583 0.04492209302325582
0 0.9371145124716553 0.5129558139534883 0.018928344671201816 0.04260302325581395
0 0.9125340136054422 0.5101325581395348 0.01681609977324263 0.04259046511627907
0 0.888202947845805 0.5038209302325581 0.02136938775510204 0.05151186046511628
0 0.8595521541950113 0.5013279069767442 0.017401814058956917 0.03940674418604651
0 0.8312301587301587 0.49900232558139535 0.020178684807256236 0.04175790697674418
0 0.7648015873015872 0.4880395348837209 0.018184920634920637 0.043173720930232556
0 0.6242517006802721 0.48372093023255813 0.01879671201814059 0.03898441860465116
0 0.6051814058956916 0.48172790697674417 0.016173979591836734 0.042112790697674415
0 0.5824603174603175 0.4753325581395349 0.021694331065759638 0.051824418604651167
0 0.5562845804988662 0.4787372093023256 0.020300283446712017 0.03827744186046511
0 0.5356128117913832 0.4723418604651163 0.012811791383219955 0.04066720930232558
0 0.5138684807256236 0.46752558139534883 0.017275566893424035 0.0393506976744186
0 0.4892086167800454 0.4637046511627907 0.020204988662131516 0.048238837209302325
0 0.46179535147392287 0.4601325581395349 0.0189906462585034 0.04019372093023256
0 0.43683163265306124 0.45681162790697677 0.01937777777777778 0.04205302325581395
0 0.4145810657596372 0.4526581395348837 0.017684637188208615 0.04354651162790698
0 0.3899824263038549 0.4491697674418605 0.015841156462585035 0.04390651162790698
0 0.36752891156462586 0.4444348837209302 0.017696371882086167 0.04231279069767442
0 0.3446105442176871 0.4402 0.01581315192743764 0.04400558139534884
0 0.32223866213151925 0.4357139534883721 0.01727454648526077 0.03934232558139535
0 0.30032596371882087 0.7040116279069768 0.017718707482993198 0.045317441860465116
2 0.255102040816 0.455813953488 0.0566893424036 0.0976744186047
