0 0.3758406432748538 0.5693327239488117 0.05222836257309942 0.04934241316270567
0 0.23781725146198832 0.6486892138939672 0.05490277777777778 0.04968610603290676
0 0.5533011695906433 0.41316270566727603 0.06248801169590643 0.05607623400365631
0 0.9173362573099415 0.28922851919561243 0.059061842105263156 0.05409616087751371
0 0.37128362573099416 0.39754661791590495 0.053415204678362575 0.04128482632541133
0 0.25529970760233917 0.2666819012797075 0.046906286549707604 0.07619853747714808
0 0.20955116959064327 0.16750457038391225 0.03924312865497076 0.06764058500914077
0 0.2454312865497076 0.03450639853747715 0.04268172514619883 0.06554990859232177
0 0.06597222222222222 0.027422303473491772 0.06133114035087719 0.046290127970749544
0 0.20589619883040935 0.2853436928702011 0.033382894736842104 0.0492
0 0.1490014619883041 0.12560932358318097 0.03480350877192982 0.05245301645338209
0 0.5473318713450293 0.08089579524680073 0.05769356725146199 0.04007074954296161
0 0.649061403508772 0.0762491773308958 0.05268728070175439 0.03281974405850092
0 0.09868421052631579 0.7630255941499086 0.062169590643274854 0.049801645338208404
0 0.1711140350877193 0.9709012797074954 0.05130657894736842 0.03403363802559415
0 0.5364283625730993 0.8226691042047533 0.05114049707602339 0.0617908592321755
0 0.5828464912280701 0.8731718464351006 0.056640789473684214 0.06913053016453381
0 0.6298128654970759 0.9229890310786106 0.05667309941520468 0.06413967093235833
0 0.6822002923976608 0.967855575868373 0.05476812865497076 0.0600764168190128
0 0.8845643274853802 0.4554387568555759 0.030149415204678363 0.06750530164533822
0 0.8710409356725146 0.5687074954296162 0.03124342105263158 0.07679414990859232
0 0.8654970760233918 0.6598117001828153 0.03318640350877193 0.06523857404021938
0 0.8424093567251462 0.8341718464351005 0.02866842105263158 0.07479707495429616
0 0.8955292397660819 0.6678848263254114 0.04214970760233918 0.0805965265082267
0 0.9328698830409357 0.6249232175502742 0.03522456140350877 0.07821115173674589
