0 0.3760233918128655 0.569835466179159 0.05250453216374269 0.0496
0 0.21546052631578946 0.6611060329067642 0.05569546783625731 0.050416453382084093
0 0.602766081871345 0.38581718464351006 0.06367383040935673 0.059548994515539314
0 0.8592222222222222 0.32442047531992685 0.05950394736842105 0.055416270566727606
0 0.37853362573099414 0.40013711151736747 0.05172514619883041 0.034893418647166365
0 0.25548245614035087 0.26691042047531993 0.04776959064327485 0.0769855575868373
0 0.21022222222222223 0.16780932358318099 0.040876900584795324 0.06750109689213894
0 0.24536988304093568 0.033592321755027424 0.039530701754385965 0.062954478976234
0 0.06548494152046784 0.026355941499085923 0.0586516081871345 0.04629287020109689
0 0.20632309941520469 0.287782449725777 0.030994883040935676 0.0454054844606947
0 0.1486359649122807 0.12454296160877514 0.03493961988304094 0.054037294332723945
0 0.5481842105263158 0.07891535648994516 0.057710380116959066 0.03693583180987203
0 0.6497324561403508 0.07663016453382084 0.052361257309941525 0.03200822669104205
0 0.0400219298245614 0.789 0.059872953216374265 0.04736691042047532
0 0.1709312865497076 0.9728829981718465 0.05238318713450293 0.0363764168190128
0 0.536611111111111 0.8226691042047533 0.05189619883040936 0.061595612431444235
0 0.5830891812865497 0.8733235831809872 0.057493128654970756 0.07070255941499086
0 0.6294473684210526 0.9239031078610603 0.05750540935672515 0.06401700182815356
0 0.6813479532163742 0.9673217550274223 0.055774707602339185 0.06309579524680073
0 0.8835891812865497 0.45551553930530164 0.02959035087719298 0.06693382084095063
0 0.8718932748538012 0.5687842778793418 0.03148406432748538 0.07625758683729433
0 0.8656184210526315 0.6596581352833638 0.0326906432748538 0.06506672760511883
0 0.8434459064327485 0.8343235831809872 0.032897514619883036 0.07671736745886654
0 0.8948581871345028 0.6710840950639855 0.04152324561403509 0.07992851919561243
0 0.9322616959064328 0.6263711151736746 0.03631345029239766 0.0794561243144424
