0 0.3844663742690059 0.5747257769652651 0.05390190058479532 0.05132084095063986
0 0.18480409356725147 0.6407111517367459 0.05581198830409357 0.048538391224862885
0 0.13815789473684212 0.7114570383912248 0.05661111111111111 0.04722522851919561
0 0.7521315789473684 0.31124314442413165 0.06209298245614035 0.054747531992687386
0 0.7017543859649122 0.44134734917733087 0.06040862573099415 0.055545338208409505
0 0.40131578947368424 0.4088976234003656 0.05041184210526315 0.03259360146252285
0 0.26273099415204676 0.27208957952468005 0.046509649122807015 0.07707367458866544
0 0.21935964912280703 0.17260822669104206 0.04033728070175438 0.06928775137111517
0 0.25444736842105264 0.03892449725776965 0.04312178362573099 0.06673546617915906
0 0.07663260233918129 0.031078610603290677 0.05735891812865497 0.04962522851919561
0 0.21546052631578946 0.2902961608775137 0.029801754385964913 0.045164899451553935
0 0.15862573099415206 0.12972266910420474 0.0371733918128655 0.05773546617915905
0 0.5575657894736842 0.08584698354661792 0.056778508771929824 0.03662212065813528
0 0.6595394736842105 0.08196215722120659 0.053401461988304096 0.03204625228519196
0 0.17939766081871344 0.9753199268738574 0.05021184210526316 0.037068921389396714
0 0.5442865497076023 0.8289159049360145 0.05303757309941521 0.06221480804387569
0 0.5919839181286549 0.8788080438756856 0.05578318713450293 0.06616106032906764
0 0.637 0.9290073126142595 0.059012134502923974 0.06758464351005485
0 0.6861593567251463 0.9704442413162705 0.05491432748538012 0.06327422303473491
0 0.89425 0.45886654478976235 0.031836111111111114 0.07066051188299817
0 0.8809093567251463 0.5719067641681902 0.03316359649122807 0.07477001828153565
0 0.8745131578947369 0.6646106032906763 0.03535102339181286 0.06682925045703839
0 0.8507558479532165 0.8379031078610604 0.031808625730994154 0.07498647166361974
0 0.9013157894736842 0.6876142595978062 0.04585584795321638 0.07108500914076782
0 0.942312865497076 0.6312468007312614 0.03416301169590643 0.07844168190127972
