0 0.37145467836257307 0.5727148080438756 0.05292324561403509 0.04953930530164534
0 0.2509137426900585 0.6416819012797075 0.05624736842105263 0.05042632541133456
0 0.4990248538011696 0.44454661791590494 0.06359225146198831 0.061023765996343696
0 0.9700906432748538 0.2622632541133455 0.05751213450292397 0.048358500914076785
0 0.35702923976608186 0.3970146252285192 0.05435584795321637 0.04621316270566728
0 0.2508523391812865 0.2693473491773309 0.04717076023391813 0.07621919561243144
0 0.20516520467836258 0.17062760511882996 0.04054956140350877 0.06833948811700183
0 0.24171491228070174 0.03686782449725777 0.044131140350877195 0.066909323583181
0 0.06103801169590643 0.029021937842778792 0.05673421052631578 0.04540073126142596
0 0.20163304093567253 0.2897623400365631 0.030805994152046785 0.04629798903107861
0 0.14394488304093567 0.12903711151736744 0.034333625730994154 0.052855027422303476
0 0.5429459064327485 0.08455210237659963 0.056653654970760234 0.03477038391224863
0 0.64425 0.07883912248628885 0.05312573099415205 0.032118829981718465
0 0.15631140350877193 0.7361371115173674 0.059286403508771936 0.04839031078610603
0 0.16611842105263158 0.9749396709323583 0.050742836257309944 0.03611243144424132
0 0.5316154970760234 0.8257915904936015 0.050997660818713444 0.06003473491773309
0 0.5779722222222222 0.8768281535648994 0.05699195906432749 0.06705155393053017
0 0.6257923976608186 0.9271791590493601 0.057721637426900584 0.06535941499085923
0 0.6763523391812866 0.96945521023766 0.05479926900584795 0.06264643510054844
0 0.8793859649122807 0.4593235831809872 0.02978961988304094 0.06567367458866544
0 0.867203216374269 0.5714497257769653 0.02748391812865497 0.07471023765996344
0 0.8614152046783625 0.663925045703839 0.02902763157894737 0.06461974405850092
0 0.838937134502924 0.8387422303473492 0.028215643274853798 0.075127239488117
0 0.8915087719298246 0.6679616087751371 0.0394656432748538 0.0768001828153565
0 0.9284239766081872 0.6288848263254113 0.03431622807017544 0.08174113345521024
