0 0.3794956140350877 0.5697897623400365 0.05202149122807018 0.04946398537477148
0 0.05843391812865497 0.6954405850091407 0.05546461988304094 0.047027239488117004
0 0.19200730994152046 0.6771791590493601 0.0556516081871345 0.04857020109689214
0 0.6539356725146198 0.3578610603290676 0.06412222222222222 0.05660603290676417
0 0.8064692982456141 0.3623546617915905 0.060413888888888885 0.05698043875685557
0 0.38639181286549706 0.4021170018281536 0.05241140350877194 0.03335137111517368
0 0.25791959064327485 0.2673674588665448 0.04891388888888888 0.07711572212065813
0 0.2130233918128655 0.16758080438756856 0.039470467836257316 0.06725575868372943
0 0.2490248538011696 0.03534424131627057 0.04211856725146199 0.06537934186471664
0 0.0671904970760234 0.030088299817184645 0.05884210526315789 0.0487254113345521
0 0.20924707602339182 0.28618281535648993 0.0309656432748538 0.04760036563071298
0 0.1516812865497076 0.12477148080438757 0.035262426900584794 0.05566106032906764
0 0.5501345029239766 0.08112431444241316 0.05521286549707602 0.034776051188299816
0 0.6530219298245613 0.07640164533820841 0.052330116959064324 0.03250968921389397
0 0.17373245614035088 0.9735685557586837 0.05208450292397661 0.03427842778793418
0 0.5393523391812866 0.8232778793418648 0.05108201754385965 0.06093674588665448
0 0.5848567251461988 0.8743912248628884 0.05655219298245614 0.06735776965265083
0 0.6333450292397661 0.9237513711151736 0.057425730994152054 0.06358519195612432
0 0.6848801169590644 0.967855575868373 0.054725730994152046 0.059454296160877516
0 0.8882792397660818 0.4570383912248629 0.030241520467836253 0.0660016453382084
0 0.8753040935672515 0.5687074954296162 0.03308216374269006 0.07489396709323583
0 0.8689692982456141 0.660725776965265 0.03385336257309941 0.0648674588665448
0 0.846187134502924 0.8345521023765996 0.031926461988304095 0.07677787934186472
0 0.8974166666666666 0.6739031078610603 0.04407105263157895 0.08039012797074954
0 0.9364035087719298 0.6278190127970749 0.03567631578947368 0.0780489945155393
