0 0.3826754385964912 0.5689670932358318 0.051321783625731 0.047591956124314445
0 0.12349239766081871 0.667162705667276 0.05480847953216374 0.04797696526508227
0 0.16557017543859648 0.6918043875685557 0.05749254385964912 0.04906983546617916
0 0.705530701754386 0.32982998171846434 0.06476535087719298 0.05809122486288848
0 0.752437134502924 0.399908592321755 0.059694736842105266 0.05773363802559415
0 0.39400584795321636 0.40143144424131627 0.0513203216374269 0.03478976234003656
0 0.2600511695906433 0.267672760511883 0.0467343567251462 0.0771435100548446
0 0.2158874269005848 0.16834241316270565 0.04122529239766082 0.07015740402193785
0 0.25237573099415206 0.03542047531992688 0.0433937134502924 0.06632120658135283
0 0.07194195906432749 0.028107861060329066 0.059525292397660814 0.05091060329067641
0 0.21217105263157895 0.28686837294332723 0.02906549707602339 0.045303839122486284
0 0.15503216374269005 0.12553327239488118 0.03547982456140351 0.05431115173674589
0 0.554093567251462 0.08165758683729434 0.055017690058479535 0.03482742230347349
0 0.6566769005847953 0.07571608775137112 0.052519152046783625 0.033015722120658134
0 0.17616959064327486 0.9727294332723948 0.05243157894736842 0.0354054844606947
0 0.5416052631578948 0.8222120658135283 0.05154502923976608 0.06070457038391224
0 0.5887543859649124 0.8731718464351006 0.05744970760233918 0.0703036563071298
0 0.63578216374269 0.9239031078610603 0.05849283625730994 0.06632084095063986
0 0.6876827485380117 0.9672449725776965 0.05642733918128655 0.0618418647166362
0 0.8921169590643274 0.4556672760511883 0.03042426900584795 0.06837842778793418
0 0.8787763157894737 0.56908957952468 0.031104385964912284 0.07641663619744059
0 0.8722587719298246 0.6586691042047531 0.031995321637426896 0.06544113345521024
0 0.8494152046783626 0.8334095063985375 0.030884502923976608 0.07597696526508226
0 0.8999152046783626 0.6791590493601463 0.04661885964912281 0.07996672760511883
0 0.9391447368421053 0.6269049360146252 0.03547456140350878 0.07921115173674588
