0 0.36608187134502923 0.5707952468007313 0.056001461988304094 0.053401279707495426
0 0.30062134502923976 0.6078610603290676 0.0525016081871345 0.04796764168190128
0 0.137731432748538 0.640616087751371 0.06535204678362573 0.05843802559414991
0 0.27259941520467834 0.21077148080438757 0.04109780701754386 0.0679129798903108
0 0.24725877192982457 0.2655393053016453 0.04520336257309942 0.07444552102376599
0 0.2019985380116959 0.16552413162705668 0.04030921052631579 0.06984259597806215
0 0.2383654970760234 0.03450639853747715 0.04230862573099415 0.06514168190127971
0 0.05750482456140351 0.026051188299817184 0.058168274853801175 0.04342742230347349
0 0.19822076023391813 0.2848866544789762 0.03085730994152047 0.04536142595978062
0 0.14028991228070176 0.1257617915904936 0.03336330409356725 0.05169177330895795
0 0.53971783625731 0.07937239488117001 0.05660336257309942 0.03315027422303473
0 0.6401067251461988 0.07556361974405851 0.05376271929824561 0.03240457038391225
0 0.62621783625731 0.3637257769652651 0.05194108187134503 0.05236014625228519
0 0.5639619883040936 0.499237659963437 0.06011374269005848 0.057412979890310786
0 0.27022368421052634 0.6807586837294333 0.06334283625730995 0.05318647166361974
0 0.16246345029239767 0.9719689213893967 0.05220701754385965 0.03547257769652651
0 0.5283874269005847 0.8224405850091407 0.045915058479532166 0.0549164533820841
0 0.5742573099415205 0.8737806215722121 0.055876315789473684 0.06692504570383911
0 0.6229283625730995 0.9242084095063985 0.05785818713450293 0.06506051188299816
0 0.6708084795321638 0.9667129798903108 0.05857207602339181 0.06410219378427787
0 0.8727456140350877 0.4564296160877514 0.02801783625730994 0.0657343692870201
0 0.8615979532163742 0.5678702010968921 0.030518128654970764 0.07509250457038391
0 0.8573947368421052 0.6574497257769653 0.028024269005847955 0.06287166361974406
0 0.8349166666666666 0.8338665447897623 0.027782602339181287 0.07083199268738574
0 0.8885847953216375 0.6508994515539305 0.03495219298245614 0.07869122486288849
0 0.9224532163742689 0.6259908592321755 0.032677485380116965 0.07778647166361974
0 0.9035087719298246 0.8041590493601463 0.030852046783625728 0.07441791590493602
