0 0.36619152046783626 0.5698811700182815 0.055351169590643276 0.051580255941499085
0 0.30135233918128657 0.6065667276051188 0.053761695906432753 0.05031919561243144
0 0.03265102339181287 0.6885283363802559 0.06442178362573099 0.05387879341864717
0 0.23525877192982456 0.1234765996343693 0.044908333333333335 0.07061444241316271
0 0.24719736842105264 0.26477696526508226 0.04467602339181286 0.07441553930530165
0 0.20108479532163742 0.16506709323583182 0.040120906432748536 0.07197422303473491
0 0.2372690058479532 0.03580127970749543 0.04230175438596491 0.06477239488117002
0 0.056834795321637425 0.02567038391224863 0.05932923976608188 0.044025776965265086
0 0.19846491228070176 0.28442961608775136 0.030758040935672512 0.04437787934186471
0 0.1396808479532164 0.12378117001828152 0.03427426900584795 0.05628043875685557
0 0.5391695906432749 0.08005795246800732 0.056427485380116965 0.03376709323583181
0 0.6394371345029239 0.07449725776965264 0.05494122807017544 0.03260822669104205
0 0.5124269005847953 0.4301499085923218 0.05196154970760234 0.05104259597806216
0 0.6762309941520468 0.42489396709323585 0.059956432748538006 0.0555073126142596
0 0.38206578947368425 0.6177641681901279 0.06301973684210527 0.05596928702010969
0 0.16301169590643275 0.9720438756855575 0.051866666666666665 0.03468062157221207
0 0.528264619883041 0.821983546617916 0.04600862573099415 0.05663674588665448
0 0.5738304093567251 0.8714954296160878 0.054032602339181286 0.06595466179159049
0 0.6221973684210527 0.9238263254113346 0.05828830409356725 0.06777970749542961
0 0.6707485380116959 0.9661023765996343 0.05785570175438597 0.06449579524680074
0 0.8717719298245614 0.45559049360146253 0.028937426900584793 0.06796307129798904
0 0.85575 0.6553162705667277 0.02653640350877193 0.06236581352833638
0 0.8339429824561404 0.8335612431444241 0.028057456140350875 0.07026617915904936
0 0.8880365497076024 0.642290676416819 0.03214035087719298 0.07714588665447897
0 0.9209312865497077 0.6246946983546618 0.03193815789473684 0.079272760511883
0 0.9017426900584796 0.8043875685557587 0.02797690058479532 0.07179762340036563
