0 0.36374269005847953 0.5708866544789762 0.05684181286549708 0.05226928702010969
0 0.2989766081871345 0.6090804387568556 0.05330146198830409 0.0515528336380256
0 0.21198830409356725 0.07670621572212066 0.044678801169590644 0.07134351005484461
0 0.2442733918128655 0.26691042047531993 0.04522090643274854 0.07536946983546618
0 0.19822076023391813 0.1663619744058501 0.04065818713450292 0.07132979890310787
0 0.23446637426900585 0.036410786106032905 0.04187690058479532 0.06407038391224863
0 0.0537280701754386 0.026508226691042046 0.058174853801169595 0.044874405850091406
0 0.1939576023391813 0.28542047531992687 0.03151169590643275 0.04612559414990859
0 0.536671052631579 0.08219067641681901 0.05651125730994152 0.033259414990859236
0 0.6351725146198831 0.07731572212065814 0.05310511695906433 0.03352175502742231
0 0.4529722222222223 0.46549360146252283 0.05288304093567251 0.05229853747714808
0 0.7294707602339182 0.3893199268738574 0.06088625730994152 0.057883912248628884
0 0.43518567251461987 0.5889707495429616 0.06353318713450293 0.05743839122486289
0 0.15996637426900584 0.9737202925045704 0.053686549707602345 0.036433638025594156
0 0.5252807017543859 0.8238117001828154 0.0456733918128655 0.05573345521023766
0 0.5718201754385965 0.8737056672760511 0.05468011695906433 0.06543491773308958
0 0.6194561403508773 0.9237513711151736 0.05936535087719298 0.06635850091407677
0 0.6673362573099415 0.9680073126142597 0.057724853801169596 0.06330968921389397
0 0.8684824561403509 0.4576471663619744 0.028875730994152048 0.06616489945155393
0 0.8531915204678362 0.6572979890310786 0.029851023391812864 0.06504936014625229
0 0.8301052631578948 0.8349323583180988 0.0310656432748538 0.0736217550274223
0 0.8856608187134504 0.639091407678245 0.031900000000000005 0.07736727605118829
0 0.9168494152046783 0.6272084095063986 0.030244736842105265 0.07697714808043875
0 0.8991842105263158 0.8047678244972578 0.027912426900584795 0.07206636197440584
