0 0.368640350877193 0.5689213893967093 0.056662280701754386 0.05337148080438757
0 0.30129093567251464 0.6086983546617917 0.05469020467836257 0.050218281535648994
0 0.1939576023391813 0.612508226691042 0.06362880116959065 0.05614917733089579
0 0.2891081871345029 0.24893418647166363 0.04000175438596491 0.06882504570383913
0 0.25 0.26493053016453383 0.04609283625730994 0.07528994515539306
0 0.20431286549707603 0.16468610603290676 0.03938070175438596 0.0701164533820841
0 0.24031432748538012 0.03298299817184643 0.042846783625730994 0.06437221206581352
0 0.06024605263157895 0.02673674588665448 0.05739956140350877 0.04398756855575868
0 0.20010964912280702 0.2842778793418647 0.03195248538011696 0.04500767824497258
0 0.14327485380116958 0.1271329067641682 0.03249239766081871 0.049543875685557584
0 0.5421535087719299 0.07906764168190128 0.056896491228070174 0.03606563071297989
0 0.6428479532163743 0.07510658135283364 0.052914766081871345 0.031791042047532
0 0.6860994152046783 0.3294478976234004 0.053108918128654974 0.051623034734917736
0 0.5093201754385965 0.5352687385740401 0.05938304093567252 0.053824131627056675
0 0.21655701754385964 0.708943327239488 0.06252616959064328 0.05316087751371115
0 0.16526608187134503 0.9712065813528337 0.05450921052631579 0.03642979890310786
0 0.5303976608187134 0.8211462522851919 0.04810292397660819 0.05778829981718464
0 0.5780336257309941 0.8731718464351006 0.056929824561403504 0.06564277879341865
0 0.6253654970760234 0.9220749542961609 0.05548830409356725 0.06097495429616087
0 0.6736111111111112 0.966255941499086 0.05706169590643275 0.06274149908592322
0 0.8757923976608187 0.4556672760511883 0.027932602339181285 0.06558098720292505
0 0.8658625730994152 0.5664990859232175 0.03025190058479532 0.07552870201096892
0 0.858248538011696 0.6584405850091407 0.028458187134502922 0.0634363802559415
0 0.8372324561403509 0.834018281535649 0.028038888888888888 0.06818391224862888
0 0.8905336257309941 0.6523455210237661 0.03851447368421053 0.08092943327239488
0 0.9253172514619884 0.6246946983546618 0.03293464912280702 0.07958299817184644
0 0.9070423976608187 0.801873857404022 0.030499122807017543 0.07381773308957953
