0 0.3717105263157895 0.5707038391224863 0.05466739766081871 0.0504508226691042
0 0.2961140350877193 0.6150968921389397 0.05379181286549707 0.05007531992687386
0 0.29922076023391814 0.5578921389396709 0.06366359649122807 0.05714478976234003
0 0.3153625730994152 0.32152650822669104 0.04005482456140351 0.0666998171846435
0 0.2518888888888889 0.26569104204753197 0.0475204678362573 0.07461937842778793
0 0.20675 0.16735228519195613 0.03833333333333333 0.06804460694698354
0 0.2427514619883041 0.03465868372943327 0.04304093567251462 0.0668380255941499
0 0.06201271929824561 0.02727001828153565 0.058909502923976606 0.04878976234003656
0 0.2035204678362573 0.28595429616087753 0.03040614035087719 0.04612449725776965
0 0.14589429824561403 0.12690438756855577 0.032065350877192984 0.0491162705667276
0 0.5447119883040936 0.08051499085923218 0.05457748538011696 0.03397349177330896
0 0.6462602339181286 0.07563985374771481 0.052873684210526316 0.03351663619744059
0 0.8038494152046783 0.27110054844606946 0.054529385964912275 0.051557769652650826
0 0.39650292397660825 0.6088519195612431 0.06045687134502924 0.054245521023765994
0 0.10605511695906433 0.7633308957952467 0.06336578947368421 0.05211608775137112
0 0.16873830409356724 0.9737202925045704 0.05459517543859649 0.037612065813528335
0 0.5337470760233919 0.823126142595978 0.04922470760233918 0.057432541133455216
0 0.5807134502923977 0.8733235831809872 0.05567748538011696 0.06627440585009141
0 0.6285336257309941 0.9235978062157222 0.05681622807017544 0.06284095063985375
0 0.6781798245614035 0.9668647166361974 0.05530277777777778 0.06125173674588665
0 0.8788377192982456 0.45627605118829984 0.02796184210526316 0.06600329067641682
0 0.869030701754386 0.5685557586837294 0.02828654970760234 0.07366636197440585
0 0.862328947368421 0.6593546617915904 0.02989283625730994 0.0626347349177331
0 0.8398508771929825 0.8364570383912248 0.028980409356725148 0.0702438756855576
0 0.8938845029239767 0.6573729433272395 0.03639327485380117 0.07896270566727605
0 0.9287894736842106 0.6257623400365631 0.032605116959064324 0.07902212065813528
0 0.9097836257309942 0.8028647166361974 0.03111491228070175 0.0741436928702011
