0 0.37160087719298246 0.569835466179159 0.054260380116959064 0.04952285191956124
0 0.2880116959064328 0.6178391224862889 0.053734064327485384 0.05120292504570384
0 0.3502076023391813 0.5276508226691042 0.0628204678362573 0.058341864716636195
0 0.3258406432748538 0.34651188299817187 0.04467295321637427 0.06447586837294333
0 0.25182748538011696 0.2659963436928702 0.046579678362573096 0.07463528336380255
0 0.20632309941520469 0.16529561243144425 0.0400687134502924 0.06910438756855576
0 0.2420204678362573 0.03305904936014625 0.04181374269005848 0.06486819012797075
0 0.06164722222222222 0.02704149908592322 0.06065584795321637 0.048942961608775135
0 0.20291228070175438 0.2848866544789762 0.03013245614035088 0.0467107861060329
0 0.14601608187134502 0.12629488117001827 0.03397763157894737 0.049867641681901276
0 0.5444078947368421 0.07960091407678245 0.05593640350877193 0.03655557586837294
0 0.6460774853801169 0.07609689213893966 0.053241812865497076 0.03472614259597806
0 0.8614766081871345 0.24108775137111518 0.05402865497076023 0.04968409506398537
0 0.3368669590643275 0.6415301645338208 0.05994517543859649 0.052410237659963436
0 0.04830657894736842 0.7893820840950639 0.061051315789473676 0.048777330895795244
0 0.16812865497076024 0.9723491773308958 0.05352894736842105 0.03689012797074954
0 0.5329561403508771 0.8217550274223034 0.04903026315789474 0.05925521023765996
0 0.5786432748538012 0.8719524680073126 0.05786769005847953 0.06869762340036563
0 0.627375730994152 0.9228372943327239 0.056683333333333336 0.06381919561243145
0 0.6774488304093568 0.9656453382084095 0.0564046783625731 0.061823400365630714
0 0.8794473684210526 0.45521023765996343 0.027323245614035086 0.0663636197440585
0 0.8681169590643275 0.567489945155393 0.02943874269005848 0.07610018281535649
0 0.862451754385965 0.6580585009140768 0.028193421052631583 0.061045521023765995
0 0.8393640350877193 0.8334095063985375 0.028932602339181285 0.07115411334552103
0 0.8919956140350878 0.6582870201096893 0.037684649122807015 0.08006106032906764
0 0.9283625730994152 0.6249232175502742 0.03339502923976608 0.08157148080438757
0 0.909843567251462 0.8032449725776966 0.031684064327485384 0.07446051188299817
