0 0.3657529239766082 0.5696526508226691 0.055747222222222226 0.05114076782449726
0 0.3010482456140351 0.607709323583181 0.0534359649122807 0.050350639853747714
0 0.08400336257309941 0.6636965265082266 0.06431198830409357 0.058670566727605115
0 0.25487280701754383 0.16780932358318099 0.04317529239766082 0.07002486288848264
0 0.24585818713450291 0.26477696526508226 0.045878508771929824 0.07572851919561242
0 0.20108479532163742 0.16552413162705668 0.03952061403508772 0.0700780621572212
0 0.23714619883040935 0.03511572212065814 0.04161330409356725 0.06430383912248629
0 0.05622558479532164 0.025746435100548446 0.05840745614035087 0.04443180987202925
0 0.1976125730994152 0.2862577696526508 0.0314187134502924 0.04470840950639854
0 0.13925438596491227 0.12477148080438757 0.035380116959064324 0.05556398537477148
0 0.5391695906432749 0.08081956124314443 0.05855891812865497 0.03655612431444242
0 0.6391330409356725 0.07464954296160878 0.05263157894736842 0.031992687385740404
0 0.5692616959064327 0.39526142595978064 0.05099459064327485 0.04952851919561243
0 0.6199444444444444 0.46077148080438757 0.059588742690058476 0.057098720292504575
0 0.32632748538011697 0.649146252285192 0.06345073099415205 0.053776416819012796
0 0.16209795321637427 0.9709012797074954 0.05363625730994152 0.03580274223034735
0 0.5278391812865497 0.8209926873857405 0.04676315789473684 0.056948080438756855
0 0.5735263157894737 0.8711151736745887 0.05520979532163743 0.0675001828153565
0 0.6215277777777778 0.9230658135283363 0.059011988304093564 0.0673762340036563
0 0.6702002923976608 0.9648848263254114 0.05640950292397661 0.06180987202925046
0 0.8720760233918129 0.45559049360146253 0.02753888888888889 0.06500840950639854
0 0.8614766081871345 0.567564899451554 0.02999093567251462 0.07431901279707497
0 0.8556900584795322 0.6572212065813529 0.026246491228070178 0.06433217550274223
0 0.8338201754385964 0.8337148080438757 0.027029532163742688 0.06887879341864717
0 0.8871228070175439 0.6464808043875686 0.03505190058479532 0.07646032906764168
0 0.9211739766081871 0.6248482632541132 0.03293464912280702 0.07958299817184644
0 0.9015599415204679 0.8032449725776966 0.032044444444444445 0.07477330895795248
