0 0.3739766081871345 0.5695612431444241 0.05490116959064327 0.052454113345521025
0 0.26912719298245613 0.6308647166361975 0.05500657894736842 0.05073180987202925
0 0.4527894736842106 0.47135831809872036 0.06381461988304094 0.05905301645338208
0 0.34941520467836257 0.38452102376599634 0.05178347953216374 0.0497091407678245
0 0.2545073099415205 0.266073126142596 0.046662426900584794 0.07612321755027422
0 0.20851608187134502 0.16689524680073128 0.03921491228070176 0.06802010968921389
0 0.24463888888888888 0.03458263254113345 0.042146052631578945 0.06561572212065814
0 0.06426652046783626 0.02704149908592322 0.057945029239766084 0.04184680073126142
0 0.20455701754385966 0.2853436928702011 0.03163771929824562 0.045992321755027425
0 0.14796491228070174 0.126599634369287 0.034194590643274854 0.05123180987202925
0 0.5458084795321638 0.08028647166361974 0.054962134502923976 0.033674405850091405
0 0.6476608187134503 0.07563985374771481 0.052096491228070176 0.03159360146252285
0 0.9764868421052632 0.19355575868372943 0.047065643274853804 0.04331773308957953
0 0.21899415204678363 0.7044478976234004 0.06068450292397661 0.050789396709323587
0 0.17056578947368423 0.9713583180987202 0.05421622807017544 0.03641352833638025
0 0.5347836257309941 0.8228976234003657 0.04958099415204679 0.060776965265082264
0 0.5812616959064328 0.8732486288848262 0.0580156432748538 0.06890603290676417
0 0.6285336257309941 0.9234460694698354 0.05744488304093567 0.06475941499085923
0 0.6798245614035088 0.9667129798903108 0.05404356725146199 0.059342778793418656
0 0.8821885964912282 0.45620109689213895 0.02829736842105263 0.06803601462522851
0 0.8707353801169591 0.5676416819012797 0.029316228070175438 0.07460237659963437
0 0.8640350877192983 0.6596581352833638 0.029064327485380115 0.06480438756855576
0 0.841374269005848 0.8334862888482633 0.0300453216374269 0.0728998171846435
0 0.8947368421052632 0.6612577696526508 0.03883464912280701 0.07828391224862889
0 0.9313479532163743 0.6252285191956124 0.03322763157894737 0.07902760511882997
0 0.9122807017543859 0.8038537477148081 0.0344859649122807 0.07815557586837295
