0 0.37145467836257307 0.5698811700182815 0.0560046783625731 0.051572760511883
0 0.27875292397660817 0.624162705667276 0.053365497076023394 0.049048994515539304
0 0.3996710526315789 0.49939122486288845 0.0642345029239766 0.059873857404021937
0 0.3363187134502924 0.369363802559415 0.05168347953216375 0.06129542961608775
0 0.2509137426900585 0.26630164533820844 0.046012426900584796 0.07604515539305301
0 0.20626169590643276 0.1671237659963437 0.0403187134502924 0.0686164533820841
0 0.24195906432748537 0.033897074954296155 0.04318888888888889 0.06460786106032906
0 0.06146447368421053 0.027193784277879343 0.06057865497076023 0.046656489945155394
0 0.20266812865497075 0.28412614259597807 0.030691228070175436 0.04775228519195612
0 0.14534605263157896 0.1272851919561243 0.03345146198830409 0.051002925045703834
0 0.5431286549707602 0.07982943327239488 0.055757602339181284 0.036096526508226694
0 0.6452236842105263 0.07510658135283364 0.053844736842105265 0.03351846435100548
0 0.9200175438596492 0.2159506398537477 0.05694254385964913 0.05313418647166362
0 0.2766812865497076 0.6733692870201098 0.06066929824561403 0.05023967093235832
0 0.16812865497076024 0.9721974405850092 0.052977631578947366 0.034278062157221206
0 0.5331388888888888 0.8221352833638026 0.04875599415204678 0.058723765996343685
0 0.5798611111111112 0.8730950639853748 0.05599809941520468 0.06774296160877513
0 0.6275584795321637 0.9223802559414991 0.056864035087719304 0.0621617915904936
0 0.6782412280701754 0.9677020109689214 0.05426578947368421 0.059937842778793424
0 0.879203216374269 0.4559725776965265 0.02962865497076023 0.06559195612431444
0 0.8682997076023392 0.5676416819012797 0.029879824561403506 0.0754946983546618
0 0.8611725146198831 0.6595063985374772 0.029202777777777775 0.06225356489945156
0 0.8394254385964913 0.8334862888482633 0.029979093567251463 0.07464424131627057
0 0.8923611111111112 0.6596581352833638 0.03817514619883041 0.07859232175502742
0 0.92903216374269 0.6251517367458868 0.030114473684210524 0.07679287020109689
0 0.9103318713450292 0.8039305301645339 0.03046345029239766 0.07264661791590493
