0 0.3676900584795322 0.5722120658135283 0.05587704678362573 0.05154990859232176
0 0.2972105263157895 0.6135740402193784 0.05423888888888889 0.05019963436928702
0 0.24342105263157895 0.5885137111517367 0.06411885964912281 0.0585018281535649
0 0.30037719298245613 0.2894570383912249 0.03763260233918129 0.06828135283363802
0 0.24878216374269005 0.26851005484460694 0.04848143274853801 0.07596325411334552
0 0.2027295321637427 0.16811389396709323 0.04088654970760234 0.07019378427787934
0 0.23885233918128654 0.035496709323583175 0.04224766081871345 0.0645835466179159
0 0.0579922514619883 0.02955521023765996 0.05911637426900585 0.046723217550274226
0 0.19956140350877194 0.2880109689213894 0.02903801169590643 0.04276014625228519
0 0.1421783625730994 0.12842778793418647 0.0337280701754386 0.05157915904936015
0 0.5406315789473684 0.08173363802559415 0.05695979532163743 0.037079524680073125
0 0.6422997076023392 0.07800127970749543 0.05344078947368421 0.0318945155393053
0 0.7417763157894737 0.30286471663619746 0.0534171052631579 0.05128702010968921
0 0.45090204678362567 0.5754881170018281 0.059463888888888886 0.0542290676416819
0 0.15899122807017543 0.73918281535649 0.06253859649122807 0.051547714808043876
0 0.16471783625730996 0.9747861060329067 0.053748538011695914 0.03528756855575868
0 0.5293011695906432 0.8248775137111518 0.04736491228070175 0.05699963436928702
0 0.5757792397660819 0.8748482632541132 0.05859912280701755 0.06723546617915904
0 0.6246959064327485 0.9255795246800731 0.056459941520467835 0.062234186471663615
0 0.6720877192982456 0.9689213893967094 0.0579937134502924 0.06418829981718464
0 0.8751827485380117 0.4587148080438757 0.02739342105263158 0.06493601462522852
0 0.86421783625731 0.5712212065813529 0.028044444444444445 0.07606617915904935
0 0.858248538011696 0.6604972577696526 0.02789459064327485 0.06293016453382085
0 0.8354649122807017 0.8395795246800731 0.028024415204678365 0.06996435100548445
0 0.8892543859649122 0.6579067641681902 0.03758333333333334 0.08061590493601462
0 0.9240979532163742 0.6280475319926874 0.0330733918128655 0.07818153564899452
0 0.9060672514619883 0.8056819012797075 0.031746198830409356 0.07378391224862889
