0 0.37817982456140353 0.5409506398537477 0.0436969298245614 0.0697872029250457
0 0.30232748538011694 0.6074040219378428 0.05405233918128655 0.05092778793418647
0 0.2439078947368421 0.26721572212065814 0.04461432748538012 0.07500054844606947
0 0.19846491228070176 0.1671998171846435 0.041689619883040936 0.07033564899451554
0 0.2339795321637427 0.03740091407678245 0.04411476608187134 0.06652778793418648
0 0.05250979532163742 0.03153564899451554 0.05397076023391812 0.04321608775137111
0 0.19371345029239767 0.2878574040219378 0.03192280701754386 0.046385557586837295
0 0.5351491228070175 0.08272394881170018 0.0580595029239766 0.034234734917733094
0 0.6343815789473684 0.0784583180987203 0.05327836257309941 0.033010237659963436
0 0.2189327485380117 0.6021480804387569 0.05185058479532164 0.0503036563071298
0 0.947672514619883 0.2539616087751371 0.05841315789473684 0.05030402193784278
0 0.650888888888889 0.44888848263254116 0.060040789473684214 0.05644588665447898
0 0.14138640350877194 0.7468775137111517 0.05621038011695906 0.04634241316270567
0 0.15953947368421054 0.9762340036563071 0.051785818713450296 0.03535923217550274
0 0.5265599415204678 0.8252595978062157 0.04685073099415205 0.05727897623400366
0 0.5688961988304093 0.8737056672760511 0.054704678362573096 0.06818811700182816
0 0.618359649122807 0.9262650822669104 0.05877368421052632 0.06738628884826325
0 0.6671535087719299 0.9680073126142597 0.05605599415204678 0.06261572212065813
0 0.8659239766081872 0.45940036563071296 0.025641812865497077 0.06533418647166361
0 0.8516695906432749 0.6571444241316271 0.028535818713450293 0.06469433272394881
0 0.8287032163742689 0.8365319926873858 0.03101359649122807 0.07245118829981718
0 0.885295321637427 0.609383912248629 0.02815906432748538 0.07796069469835466
0 0.9159356725146199 0.6288848263254113 0.029989473684210524 0.07890877513711152
0 0.8967470760233918 0.8063674588665448 0.028912134502923976 0.07325411334552102
