0 0.3695906432748538 0.5674131627056673 0.0565953216374269 0.05304716636197441
0 0.30171783625730997 0.6074808043875685 0.05441783625730994 0.05144899451553931
0 0.2469546783625731 0.2647020109689214 0.0467656432748538 0.07570457038391225
0 0.20169298245614034 0.16445758683729433 0.04246067251461988 0.07065118829981719
0 0.23793859649122806 0.03290676416819013 0.04296198830409357 0.06530237659963437
0 0.056286549707602336 0.026127422303473494 0.05962865497076024 0.04480676416819013
0 0.19791666666666666 0.2857257769652651 0.03216111111111111 0.047654113345521026
0 0.5395350877192983 0.08028647166361974 0.05646505847953217 0.035502376599634365
0 0.638827485380117 0.07442102376599635 0.05108201754385965 0.03057879341864717
0 0.3989400584795322 0.499162705667276 0.05119166666666666 0.05043765996343693
0 0.7882558479532165 0.35146252285191953 0.06027441520467836 0.057314990859232175
0 0.49275146198830405 0.5522541133455211 0.062346783625731 0.054627239488117
0 0.16392543859649122 0.973872029250457 0.05211769005847953 0.03557367458866545
0 0.5294839181286549 0.8227458866544789 0.0458124269005848 0.05775740402193784
0 0.5735862573099415 0.8733235831809872 0.05287251461988304 0.06388775137111517
0 0.6215277777777778 0.9231407678244973 0.05793669590643275 0.06679689213893968
0 0.6695906432748538 0.9663308957952468 0.05857426900584795 0.06490201096892138
0 0.8718932748538012 0.4559725776965265 0.026810087719298246 0.06423930530164534
0 0.8553845029239766 0.6558500914076782 0.0297343567251462 0.06500859232175503
0 0.8347953216374269 0.8334862888482633 0.03093815789473684 0.07395027422303474
0 0.8885233918128655 0.6300274223034735 0.028323391812865497 0.07732595978062157
0 0.9191038011695907 0.6288848263254113 0.03017777777777778 0.07813107861060328
0 0.9016198830409357 0.805835466179159 0.027667836257309942 0.07338811700182817
