0 0.36776315789473685 0.5581352833638026 0.05055292397660819 0.06496398537477148
0 0.29264181286549706 0.6114405850091408 0.052090204678362576 0.0497018281535649
0 0.24640643274853802 0.2684332723948812 0.04677616959064328 0.0775800731261426
0 0.2010233918128655 0.16910420475319926 0.04172777777777777 0.07026837294332723
0 0.23604970760233918 0.038391224862888484 0.04220599415204678 0.06426617915904935
0 0.054641812865497075 0.030393053016453384 0.05762792397660818 0.04485850091407678
0 0.19682017543859648 0.29021937842778794 0.02962046783625731 0.04405045703839123
0 0.5291184210526315 0.08668500914076782 0.05660073099415205 0.033553564899451556
0 0.628045321637427 0.0806672760511883 0.05258654970760234 0.03250420475319927
0 0.2735745614035088 0.5703071297989032 0.05173742690058479 0.050066727605118835
0 0.8860862573099415 0.28831444241316273 0.05825847953216374 0.055718281535649
0 0.5899736842105263 0.48788848263254114 0.06116125730994152 0.057900182815356485
0 0.09125248538011696 0.7728519195612431 0.05686154970760234 0.046023765996343696
0 0.1619766081871345 0.9769195612431444 0.05183450292397661 0.03571553930530165
0 0.5188845029239766 0.8266307129798902 0.04828567251461988 0.05796124314442413
0 0.5640833333333334 0.8771334552102376 0.05628859649122807 0.06822943327239488
0 0.6107456140350878 0.9277879341864717 0.05865438596491228 0.06815850091407678
0 0.659295321637427 0.9704442413162705 0.056444736842105256 0.06171060329067641
0 0.8606842105263157 0.4613034734917733 0.02735789473684211 0.06648135283363803
0 0.8458815789473684 0.6585155393053017 0.02835380116959064 0.06157659963436929
0 0.8243172514619883 0.8382084095063985 0.028371637426900582 0.06941846435100547
0 0.8796301169590643 0.6200493601462522 0.028386988304093565 0.07716325411334553
0 0.9099663742690058 0.6309414990859232 0.03167222222222222 0.07889579524680072
0 0.8915087719298246 0.8088811700182816 0.030876461988304092 0.07150274223034735
