0 0.37127192982456136 0.5644424131627057 0.053933918128654966 0.05984716636197441
0 0.3003172514619883 0.6082413162705668 0.05288216374269006 0.05025850091407678
0 0.24549269005847954 0.26637659963436927 0.0454125730994152 0.07418391224862889
0 0.20010964912280702 0.16598117001828155 0.0420140350877193 0.07081042047531992
0 0.23659795321637428 0.03511572212065814 0.0424609649122807 0.06568702010968921
0 0.05445906432748538 0.027117550274223034 0.05811008771929825 0.04415978062157221
0 0.19499269005847952 0.286563071297989 0.031892251461988305 0.0472745886654479
0 0.5370979532163743 0.08127659963436928 0.05539269005847953 0.03377257769652651
0 0.6350511695906432 0.07777276051188299 0.05222441520467836 0.03219762340036563
0 0.33881578947368424 0.5336691042047531 0.051792397660818716 0.05156581352833638
0 0.839546783625731 0.3173363802559415 0.0582938596491228 0.056465813528336385
0 0.5452002923976608 0.5191188299817185 0.060299561403508777 0.05396892138939671
0 0.0357577485380117 0.7931901279707495 0.05710730994152047 0.04553400365630713
0 0.16130555555555556 0.9737202925045704 0.052047076023391814 0.03493254113345521
0 0.5271681286549708 0.8226691042047533 0.04650131578947368 0.056853382084095065
0 0.5707850877192983 0.8747714808043876 0.05394327485380117 0.06560475319926874
0 0.6192733918128656 0.9233692870201098 0.05611111111111111 0.06530895795246801
0 0.6672763157894737 0.9671700182815357 0.05679780701754386 0.06414076782449726
0 0.8682383040935673 0.45886654478976235 0.028491812865497075 0.06598098720292504
0 0.8518523391812866 0.6569926873857403 0.03148084795321637 0.0640418647166362
0 0.8307134502923976 0.8372943327239488 0.030258187134502925 0.07261334552102376
0 0.8859649122807017 0.6253053016453382 0.02966388888888889 0.07694606946983547
0 0.9166666666666666 0.6285045703839122 0.03161023391812866 0.08025978062157221
0 0.8987573099415205 0.8053016453382084 0.028212865497076023 0.07264862888482632
