0 0.42834890965732086 0.5170212201591512 0.03294922118380063 0.045157824933687
0 0.12337772585669782 0.8820742705570291 0.012603426791277258 0.08855702917771884
0 0.0958917445482866 0.09880636604774536 0.014065342679127724 0.09775729442970822
0 0.022163785046728973 0.5076259946949602 0.030777180685358254 0.041945092838196286
0 0.2225140186915888 0.552498673740053 0.01426152647975078 0.08936047745358089
0 0.23744158878504673 0.9654058355437667 0.014427414330218068 0.0657472148541114
0 0.36507009345794394 0.28249336870026526 0.031772040498442365 0.04201511936339523
0 0.41968457943925236 0.236737400530504 0.03065373831775701 0.04745596816976127
0 0.38269080996884736 0.22922201591511937 0.02510989096573209 0.04245092838196287
0 0.3457297507788162 0.22148541114058357 0.029796962616822433 0.05077904509283819
0 0.7323465732087228 0.31145092838196287 0.03337710280373832 0.04918647214854111
0 0.6924976635514019 0.29144562334217505 0.02728169781931464 0.04934297082228117
0 0.5243052959501557 0.31620159151193633 0.02975443925233645 0.04713076923076923
0 0.42192367601246106 0.3470371352785146 0.030212694704049848 0.04461618037135279
0 0.6527453271028038 0.28293633952254643 0.028048598130841124 0.045022281167108755
0 0.6213333333333334 0.2779628647214854 0.02487772585669782 0.04249045092838196
0 0.5903753894080997 0.2757506631299735 0.029716666666666666 0.04200053050397878
0 0.5440358255451714 0.26403633952254646 0.028964096573208725 0.04104694960212202
0 0.8923909657320872 0.20324933687002653 0.01398411214953271 0.09346896551724138
0 0.8949221183800623 0.10466392572944297 0.01342702492211838 0.0823737400530504
0 0.8364174454828661 0.15373554376657825 0.013095015576323988 0.09949549071618037
0 0.8390809968847353 0.03790901856763926 0.010124610591900311 0.06763925729442971
0 0.9277024922118381 0.5295092838196287 0.032001246105919 0.05398196286472148
0 0.8678582554517134 0.6688779840848806 0.030598364485981307 0.07252970822281167
0 0.3351830218068536 0.6308567639257294 0.03138823987538941 0.04525862068965517
0 0.3707811526479751 0.6280954907161804 0.02962632398753894 0.0402973474801061
0 0.43136682242990654 0.6225676392572944 0.0266857476635514 0.04080397877984085
0 0.4649532710280374 0.6268779840848806 0.027123753894080997 0.04050663129973475
0 0.5021744548286604 0.6328461538461538 0.02553177570093458 0.04694774535809019
0 0.54273753894081 0.6429045092838196 0.032333177570093456 0.04745092838196286
0 0.577297507788162 0.6497559681697612 0.02513520249221184 0.046638196286472144
0 0.620132398753894 0.6557241379310345 0.027329517133956385 0.04369761273209549
0 0.6470015576323987 0.6594827586206896 0.018624143302180686 0.04088063660477454
0 0.6758177570093458 0.6694297082228117 0.031812149532710284 0.046620689655172416
0 0.7167056074766355 0.677498673740053 0.02911386292834891 0.04734615384615384
0 0.786993769470405 0.6934137931034482 0.023661059190031152 0.04526551724137931
3 0.39953271028 0.411140583554 0.0342679127726 0.0583554376658
