0 0.13431308411214954 0.532050397877984 0.01695747663551402 0.09608275862068966
0 0.2224493769470405 0.36483289124668433 0.020687850467289718 0.11262917771883289
0 0.32440965732087224 0.521 0.03474470404984424 0.06674535809018568
0 0.12642757009345795 0.8794217506631299 0.014138707165109034 0.09068063660477453
0 0.09929906542056074 0.04619814323607427 0.015528115264797507 0.08763766578249337
0 0.02456518691588785 0.503867374005305 0.03196783489096573 0.042758885941644564
0 0.4132920560747664 0.2919973474801061 0.03179252336448598 0.045851989389920425
0 0.425006230529595 0.23563209549071618 0.02994361370716511 0.03970291777188329
0 0.38895404984423676 0.22844827586206898 0.0258506230529595 0.03905729442970823
0 0.3512461059190031 0.22038010610079575 0.029229750778816198 0.045729177718832885
0 0.7379610591900312 0.3096816976127321 0.03383753894080997 0.04976737400530504
0 0.6985007788161994 0.2901193633952255 0.027485903426791275 0.046796816976127316
0 0.6249026479750779 0.3446074270557029 0.029089797507788163 0.0460053050397878
0 0.49714408099688473 0.3638381962864721 0.029348520249221185 0.04451936339522546
0 0.6585864485981309 0.280946949602122 0.027885046728971963 0.043933687002652516
0 0.6270443925233645 0.2789575596816976 0.024394314641744547 0.04069045092838196
0 0.5947881619937695 0.27442440318302386 0.030379984423676013 0.040898938992042444
0 0.5491300623052959 0.26204694960212205 0.029135202492211836 0.03846100795755968
0 0.8982710280373832 0.20369151193633953 0.014052258566978192 0.0895917771883289
0 0.9012538940809969 0.10510610079575597 0.014851090342679127 0.08360079575596817
0 0.8421573208722741 0.15251989389920426 0.012293146417445482 0.10004111405835543
0 0.8450778816199377 0.037687798408488064 0.012320872274143302 0.066126525198939
0 0.8409579439252336 0.6297533156498674 0.030625155763239875 0.04000238726790451
0 0.339433800623053 0.6293103448275862 0.032036059190031156 0.04288541114058356
0 0.37513006230529594 0.6252201591511937 0.030672663551401868 0.04063554376657825
0 0.43548831775700936 0.6206896551724138 0.027102180685358256 0.04226631299734748
0 0.468619937694704 0.624448275862069 0.028973052959501557 0.0419289124668435
0 0.5066845794392523 0.6300848806366047 0.02688442367601246 0.045914854111405834
0 0.5476697819314642 0.6395888594164456 0.03345420560747663 0.04720238726790451
0 0.5812889408099688 0.6478779840848806 0.02588208722741433 0.04711379310344828
0 0.6234750778816199 0.6545092838196287 0.02712795950155763 0.03823660477453581
0 0.6514470404984424 0.6574933687002652 0.019107554517133956 0.04429018567639257
0 0.6797118380062306 0.6639045092838196 0.03301767912772586 0.041478514588859414
0 0.7216059190031153 0.6756180371352785 0.030824610591900312 0.048615384615384616
0 0.7927725856697819 0.6917559681697611 0.0236940031152648 0.045433952254641904
3 0.498831775701 0.433687002653 0.035046728972 0.0557029177719
