0 0.13213940809968847 0.45413262599469495 0.01717305295950156 0.09597824933687002
0 0.22686292834890964 0.48010610079575594 0.020090031152647975 0.11107639257294429
0 0.30811915887850466 0.5366923076923077 0.03565116822429906 0.08070954907161804
0 0.12684968847352024 0.877763925729443 0.014957710280373833 0.08874986737400531
0 0.02339696261682243 0.502763925729443 0.03317250778816199 0.0426183023872679
0 0.425006230529595 0.2953129973474801 0.03183177570093458 0.04299098143236074
0 0.4256557632398754 0.23485862068965518 0.03029828660436137 0.042209814323607424
0 0.3896674454828661 0.22734297082228117 0.027088006230529593 0.04322466843501326
0 0.35186292834890964 0.21982758620689655 0.030284034267912773 0.045676127320954905
0 0.7383504672897196 0.3097931034482759 0.03376954828660436 0.05310079575596816
0 0.6987601246105919 0.2896763925729443 0.027372118380062305 0.045478779840848804
0 0.6473582554517133 0.35101591511936336 0.029851947040498445 0.048650397877984086
0 0.5154143302180686 0.3673740053050398 0.03021308411214953 0.041413793103448275
0 0.6593652647975078 0.280946949602122 0.028491510903426793 0.04365835543766578
0 0.627303738317757 0.27906631299734747 0.02459088785046729 0.04043368700265252
0 0.5952749221183801 0.2753103448275862 0.029303738317757008 0.04008992042440318
0 0.5494548286604362 0.2633732095490716 0.028781464174454825 0.03877400530503979
0 0.8983333333333333 0.2034702917771883 0.014432320872274142 0.09002705570291776
0 0.9014485981308411 0.10377984084880637 0.013282554517133956 0.08002148541114058
0 0.842904984423676 0.15229893899204244 0.01231253894080997 0.09575729442970822
0 0.8457009345794393 0.03879310344827586 0.01111658878504673 0.06691458885941645
0 0.8328816199376947 0.6263262599469496 0.030814797507788164 0.038506366047745356
0 0.3389470404984424 0.6287586206896552 0.0320582554517134 0.044061007957559684
0 0.3746433021806853 0.6254429708222812 0.030941121495327104 0.03779681697612732
0 0.4357803738317757 0.6201379310344828 0.027591121495327102 0.04163607427055703
0 0.4692367601246106 0.624448275862069 0.028615965732087228 0.04109787798408488
0 0.5065225856697819 0.6307480106100796 0.02580031152647975 0.042935543766578245
0 0.547572429906542 0.6402519893899205 0.03188029595015576 0.04901114058355437
0 0.5812889408099688 0.649867374005305 0.025134735202492216 0.042327055702917775
0 0.6238964174454829 0.6546206896551724 0.026983644859813083 0.040475331564986734
0 0.6518691588785047 0.6558355437665783 0.01936721183800623 0.047698673740053044
0 0.6803933021806854 0.6637931034482759 0.03300747663551402 0.041834482758620686
0 0.7217032710280374 0.6777188328912467 0.03157834890965732 0.04715994694960212
0 0.7923520249221184 0.6915331564986739 0.02479228971962617 0.04067188328912467
3 0.523364485981 0.43899204244 0.0358255451713 0.0557029177719
