0 0.5376105919003116 0.527631299734748 0.031361838006230526 0.04679549071618037
0 0.1208785046728972 0.8856100795755968 0.012564641744548286 0.0902474801061008
0 0.0895638629283489 0.15030954907161803 0.017853894080996885 0.09559522546419098
0 0.020638629283489095 0.5098355437665782 0.030168457943925232 0.0402657824933687
0 0.20044781931464176 0.05260822281167109 0.014712071651090343 0.08897294429708223
0 0.22274143302180685 0.6184801061007957 0.014672897196261683 0.08493183023872679
0 0.3433933021806853 0.28315649867374004 0.030891199376947037 0.04506525198938992
0 0.4160498442367601 0.23927931034482758 0.03140218068535826 0.048662068965517245
0 0.37860202492211836 0.2318745358090186 0.02476721183800623 0.0436103448275862
0 0.3422570093457944 0.22458010610079576 0.029489330218068537 0.044623607427055706
0 0.728679906542056 0.30923872679045095 0.03336892523364486 0.052742175066313
0 0.6877593457943925 0.2900079575596817 0.02638551401869159 0.045593633952254645
0 0.45869003115264795 0.30559151193633954 0.029670482866043613 0.04218355437665783
0 0.38321028037383176 0.3439442970822281 0.029107242990654206 0.04771671087533157
0 0.6497274143302181 0.27984084880636606 0.026327492211838003 0.042046684350132625
0 0.6181526479750779 0.275973474801061 0.02565015576323988 0.042956763925729446
0 0.5864485981308412 0.2757506631299735 0.028934034267912773 0.03907267904509284
0 0.5410498442367601 0.2625994694960212 0.029691043613707165 0.040098673740053055
0 0.8880763239875389 0.19927055702917773 0.013113239875389407 0.08747267904509284
0 0.8903504672897197 0.10366923076923078 0.012857242990654206 0.08301962864721486
0 0.8328115264797508 0.15274084880636604 0.012501479750778815 0.09661909814323608
0 0.7890420560747664 0.45877453580901856 0.030664018691588784 0.05388249336870027
0 0.8950233644859813 0.5159151193633952 0.026529906542056073 0.0508
0 0.8691588785046729 0.677498673740053 0.029257087227414328 0.07449442970822281
0 0.33180841121495325 0.6335092838196287 0.030794080996884736 0.041627851458885944
0 0.3679906542056075 0.6301936339522546 0.02870459501557632 0.039676923076923075
0 0.4277647975077882 0.6241167108753316 0.026370249221183802 0.043397347480106103
0 0.4625841121495327 0.6253315649867374 0.02653107476635514 0.039715649867374005
0 0.49964330218068537 0.6320742705570291 0.026008255451713393 0.043966312997347476
0 0.540303738317757 0.6413580901856764 0.03212764797507788 0.04229761273209549
0 0.5744742990654206 0.6494244031830239 0.024327336448598132 0.047566047745358095
0 0.6173738317757009 0.6558355437665783 0.025221962616822427 0.041600265251989385
0 0.6445677570093458 0.6590397877984084 0.018788395638629284 0.04264297082228117
0 0.6731892523364486 0.6650079575596817 0.02977188473520249 0.04141405835543766
0 0.7137850467289719 0.6766127320954907 0.030917912772585668 0.0430291777188329
0 0.7844626168224299 0.6915331564986739 0.024759890965732088 0.04576763925729443
3 0.354750778816 0.405835543767 0.035046728972 0.0583554376658
