0 0.5678216510903427 0.5282944297082228 0.03235218068535826 0.04665862068965517
0 0.12136526479750778 0.8812997347480106 0.012167757009345795 0.08896180371352785
0 0.08573442367601246 0.17186127320954908 0.021356542056074766 0.097173474801061
0 0.020411448598130842 0.5102785145888594 0.030267056074766357 0.04232758620689655
0 0.21865264797507789 0.5256419098143236 0.015130685358255453 0.08181671087533156
0 0.2525311526479751 0.9471697612732096 0.014308878504672896 0.0949663129973475
0 0.3415755451713396 0.27807161803713526 0.030479750778816202 0.04030450928381963
0 0.41608255451713394 0.23574270557029178 0.032524610591900316 0.04681432360742706
0 0.37895872274143305 0.2295535809018568 0.02452663551401869 0.04793740053050397
0 0.3427118380062305 0.22270106100795756 0.029683566978193146 0.04601405835543767
0 0.7270895638629283 0.3091299734748011 0.033117990654205606 0.049873474801061
0 0.6879867601246106 0.28978779840848806 0.026302647975077878 0.04529389920424404
0 0.44486604361370713 0.3012811671087533 0.02887601246105919 0.04422519893899204
0 0.3772063862928349 0.3387480106100796 0.02783917445482866 0.04284721485411141
0 0.6490132398753894 0.28116710875331563 0.026469781931464174 0.04195358090185676
0 0.6177959501557633 0.27807161803713526 0.024748130841121495 0.04247135278514589
0 0.5860919003115265 0.2738726790450928 0.02899758566978193 0.03629549071618037
0 0.540173676012461 0.26403633952254646 0.029632320872274142 0.042523342175066314
0 0.8872040498442368 0.19971273209549073 0.012597196261682243 0.08860397877984084
0 0.8891510903426791 0.10366923076923078 0.01243847352024922 0.08245358090185677
0 0.8314875389408101 0.15141458885941644 0.012530841121495329 0.09588938992042441
0 0.757171339563863 0.4413129973474801 0.032586604361370716 0.05534031830238727
0 0.863481308411215 0.4993368700265252 0.026228193146417444 0.05092811671087533
0 0.9722585669781932 0.5568090185676393 0.03534158878504673 0.058931299734748005
0 0.8687694704049844 0.6769442970822281 0.028567834890965732 0.07392095490716181
0 0.3320677570093458 0.6301936339522546 0.030857320872274146 0.043399999999999994
0 0.3680552959501558 0.6268779840848806 0.02798543613707165 0.04299920424403183
0 0.42847897196261686 0.6217957559681697 0.024801791277258567 0.03883050397877984
0 0.4622920560747663 0.6267692307692307 0.025793847352024925 0.039625729442970825
0 0.49938317757009343 0.6311883289124668 0.02615872274143302 0.04255172413793104
0 0.5394602803738318 0.6403633952254641 0.03149945482866044 0.044536604774535804
0 0.5743123052959502 0.6486525198938992 0.024615420560747666 0.0457525198938992
0 0.6171471962616822 0.6550610079575597 0.02653933021806854 0.04413129973474801
0 0.6441137071651091 0.657050397877984 0.018748130841121497 0.04204005305039788
0 0.6719236760124611 0.6644562334217506 0.029849221183800623 0.03958381962864722
0 0.7137204049844237 0.6772758620689655 0.030444314641744546 0.04517506631299734
0 0.7840420560747664 0.6915331564986739 0.023901947040498445 0.04718938992042441
3 0.347352024922 0.400530503979 0.0327102803738 0.0583554376658
