0 0.1436588785046729 0.8875994694960212 0.015857554517133957 0.09957824933687001
0 0.40488707165109034 0.513262599469496 0.033332087227414334 0.04626790450928382
0 0.1234423676012461 0.8812997347480106 0.013372741433021806 0.09011352785145889
0 0.09605373831775701 0.08775411140583554 0.013678115264797508 0.09350928381962864
0 0.022066433021806855 0.507183023872679 0.031351168224299064 0.0437368700265252
0 0.22692757009345793 0.6687665782493368 0.015380062305295952 0.09163448275862068
0 0.37227414330218067 0.28558885941644563 0.029836838006230527 0.04249442970822281
0 0.42000934579439253 0.23706896551724138 0.029116744548286604 0.045838992042440324
0 0.3839236760124611 0.22966392572944294 0.026727102803738318 0.04440875331564987
0 0.3468006230529595 0.22336419098143234 0.0296911214953271 0.04687214854111406
0 0.732898753894081 0.3110079575596817 0.033678894080996884 0.04967665782493369
0 0.6932764797507789 0.290893899204244 0.02664836448598131 0.04398275862068965
0 0.542607476635514 0.3205119363395225 0.029676479750778813 0.04714509283819629
0 0.4342227414330218 0.3511273209549072 0.029205607476635514 0.046294960212201586
0 0.6537515576323988 0.28249336870026526 0.02736596573208723 0.04155411140583554
0 0.6220794392523364 0.27972944297082225 0.025239408099688474 0.044512466843501325
0 0.5903753894080997 0.27663660477453583 0.028139875389408098 0.04339946949602122
0 0.5449119937694704 0.26403633952254646 0.02918473520249221 0.04226525198938992
0 0.8929750778816199 0.20391246684350134 0.012336137071651092 0.09348381962864721
0 0.8962227414330218 0.10400079575596817 0.013951168224299065 0.08215384615384616
0 0.837196261682243 0.15196737400530502 0.013173753894080997 0.10101007957559682
0 0.8402803738317758 0.038019363395225464 0.010514018691588784 0.07161803713527852
0 0.9634968847352026 0.5474137931034483 0.032339719626168224 0.05990636604774536
0 0.8653971962616823 0.6626870026525199 0.030607165109034266 0.06846472148541113
0 0.33557242990654207 0.6312997347480106 0.03171627725856698 0.04550557029177719
0 0.3712359813084112 0.6280954907161804 0.03046355140186916 0.03967824933687003
0 0.43217834890965734 0.62057824933687 0.026513239875389408 0.041123342175066316
0 0.46592679127725856 0.626657824933687 0.027272040498442368 0.03997480106100795
0 0.5028559190031153 0.6308567639257294 0.025546339563862926 0.049337400530503984
0 0.5437110591900312 0.6417984084880637 0.03237881619937694 0.045134482758620684
0 0.5776869158878505 0.6496472148541114 0.02555147975077882 0.047099999999999996
0 0.6205545171339564 0.6551724137931034 0.026712305295950155 0.04319283819628647
0 0.6474236760124611 0.6587082228116711 0.01850817757009346 0.04136684350132626
0 0.6763691588785047 0.6676604774535809 0.03295373831775701 0.04509708222811671
0 0.7173870716510904 0.677498673740053 0.029941822429906544 0.04718381962864721
0 0.7879984423676012 0.6920875331564986 0.024037071651090345 0.04643978779840849
3 0.415498442368 0.413793103448 0.0334890965732 0.0583554376658
