0 0.47971806853582555 0.5268567639257294 0.03180163551401869 0.04597692307692308
0 0.12149532710280374 0.8864933687002653 0.012601168224299065 0.09124403183023873
0 0.09254906542056075 0.1264368700265252 0.01432468847352025 0.09369628647214855
0 0.02102803738317757 0.511604774535809 0.03106183800623053 0.0433684350132626
0 0.21109190031152647 0.3132175066312997 0.015599221183800622 0.08731061007957559
0 0.23088629283489098 0.8020557029177718 0.01455747663551402 0.0849867374005305
0 0.35247897196261685 0.28846153846153844 0.0313 0.04277931034482759
0 0.4182242990654206 0.2424846153846154 0.030235981308411215 0.04820901856763926
0 0.38061370716510906 0.23552175066313 0.02563746105919003 0.045671883289124665
0 0.34397741433021806 0.22690106100795757 0.029455763239875386 0.04743501326259947
0 0.7298481308411215 0.31675596816976126 0.033526635514018695 0.05142758620689655
0 0.6897718068535825 0.2979655172413793 0.027492834890965732 0.044952254641909814
0 0.49075155763239875 0.3168647214854111 0.02790755451713396 0.04288249336870026
0 0.3998247663551402 0.34880636604774534 0.029487928348909655 0.04382148541114059
0 0.6506682242990653 0.2879098143236074 0.02781082554517134 0.045163660477453585
0 0.6188995327102804 0.2838196286472148 0.025497741433021807 0.046511405835543765
0 0.5874221183800623 0.2813872679045093 0.02944633956386293 0.04064535809018568
0 0.5423808411214953 0.2690106100795756 0.030652881619937695 0.042328381962864724
0 0.8899610591900312 0.2051281167108753 0.013002570093457944 0.08975384615384616
0 0.8926246105919003 0.10654297082228116 0.013157242990654204 0.08357214854111406
0 0.8340186915887852 0.15263050397877984 0.012071651090342679 0.10212201591511937
0 0.8566355140186916 0.4941432360742706 0.03100973520249221 0.05546153846153846
0 0.958076323987539 0.5544880636604774 0.025539330218068534 0.048613527851458886
0 0.8695794392523364 0.6784933687002652 0.03045342679127726 0.07997745358090186
0 0.3332359813084112 0.6378196286472149 0.030819080996884737 0.04391618037135279
0 0.3691261682242991 0.6347267904509284 0.02970140186915888 0.04192944297082228
0 0.4296144859813084 0.6276525198938993 0.02695989096573209 0.039017506631299735
0 0.4625841121495327 0.6312997347480106 0.02573442367601246 0.04058726790450928
0 0.499869937694704 0.637710875331565 0.025416355140186916 0.04334456233421751
0 0.5400443925233646 0.6463315649867374 0.031035903426791276 0.046085676392572945
0 0.574993769470405 0.6558355437665783 0.026529906542056073 0.048008488063660475
0 0.617601246105919 0.6623554376657825 0.027220950155763243 0.044888328912466836
0 0.6446323987538941 0.6643448275862069 0.018426246105919003 0.04310848806366047
0 0.673708722741433 0.6703129973474801 0.033397507788161994 0.042967639257294424
0 0.7152126168224299 0.6839071618037136 0.029905607476635516 0.047129442970822284
0 0.7854984423676012 0.694185676392573 0.024124376947040498 0.04867082228116711
3 0.373831775701 0.40848806366 0.0342679127726 0.0583554376658
