0 0.14226401869158878 0.7944297082228117 0.01652056074766355 0.10025676392572944
0 0.3835342679127726 0.511053050397878 0.03294883177570093 0.04664694960212201
0 0.1251619937694704 0.8824058355437665 0.013375077881619938 0.08986843501326261
0 0.09673520249221183 0.07869151193633953 0.014742367601246108 0.09442785145888594
0 0.023591666666666667 0.507737400530504 0.030521884735202492 0.04083103448275862
0 0.23231464174454827 0.7763050397877983 0.015741900311526478 0.08506392572944296
0 0.3819447040498442 0.2876870026525199 0.031278894080996884 0.04266684350132626
0 0.4230272585669782 0.23740053050397877 0.030061137071651093 0.04394376657824934
0 0.3860334890965732 0.23054827586206897 0.026904906542056076 0.043992572944297086
0 0.3485848909657321 0.22535358090185675 0.029846806853582555 0.048225994694960216
0 0.7348457943925234 0.3126657824933687 0.03331191588785047 0.04981803713527852
0 0.6955802180685359 0.2935464190981432 0.0264202492211838 0.0444498673740053
0 0.5621433021806854 0.3285809018567639 0.029388317757009345 0.04664748010610079
0 0.4489548286604361 0.355657824933687 0.0293535046728972 0.038622015915119365
0 0.6559579439252337 0.2835994694960212 0.027158722741433022 0.03963660477453581
0 0.6241565420560747 0.280946949602122 0.025425623052959503 0.03975835543766578
0 0.5921923676012462 0.27807161803713526 0.028972352024922116 0.04417029177718833
0 0.5471510903426792 0.26525198938992045 0.02962897196261682 0.040730503978779836
0 0.8952803738317757 0.20534933687002654 0.014266744548286605 0.09125437665782495
0 0.8981697819314641 0.10621140583554377 0.013919003115264797 0.0784026525198939
0 0.8395015576323989 0.15340397877984085 0.01379158878504673 0.09969787798408489
0 0.8421573208722741 0.03779840848806366 0.011246806853582553 0.06956366047745358
0 0.8612071651090343 0.653183023872679 0.030613473520249217 0.06118859416445624
0 0.3369026479750779 0.6328461538461538 0.03206144859813084 0.04633872679045093
0 0.37305295950155765 0.6269893899204244 0.03045848909657321 0.043923872679045094
0 0.4335085669781931 0.6230106100795756 0.026904672897196263 0.04007082228116711
0 0.466964953271028 0.6289787798408488 0.027528193146417447 0.0394946949602122
0 0.5044781931464174 0.633840848806366 0.025887461059190032 0.045404244031830236
0 0.5451066978193146 0.6435676392572944 0.03188644859813084 0.04568010610079575
0 0.5791799065420561 0.6515251989389921 0.026173598130841125 0.04742015915119364
0 0.621690031152648 0.6585994694960212 0.02679968847352025 0.0415710875331565
0 0.6485264797507788 0.6610291777188328 0.018715887850467287 0.04314058355437666
0 0.6777320872274143 0.6689867374005305 0.032521962616822435 0.047857559681697616
0 0.7189119937694703 0.6807029177718833 0.031092133956386294 0.04563368700265252
0 0.7899766355140188 0.694185676392573 0.025103816199376947 0.04549867374005305
3 0.434190031153 0.420424403183 0.0366043613707 0.0557029177719
