0 0.13379439252336447 0.31310875331564986 0.016602959501557633 0.1039153846153846
0 0.23825311526479748 0.6927506631299734 0.01742126168224299 0.10524005305039788
0 0.2855981308411215 0.5826710875331566 0.031325545171339564 0.10120981432360743
0 0.13136059190031152 0.8804164456233421 0.016104517133956386 0.09173580901856765
0 0.02790755451713396 0.50442175066313 0.03193419003115265 0.03932546419098143
0 0.45333566978193146 0.2998461538461539 0.03272904984423676 0.04929920424403183
0 0.43013395638629287 0.2380636604774536 0.029854517133956385 0.042214058355437664
0 0.394113707165109 0.22966392572944294 0.02656316199376947 0.04103183023872679
0 0.35689252336448596 0.22380636604774537 0.029730607476635515 0.046822015915119364
0 0.7434127725856698 0.31255437665782493 0.03351923676012461 0.05400371352785146
0 0.7034657320872274 0.2945411140583554 0.02723372274143302 0.04459389920424404
0 0.698857476635514 0.3713527851458886 0.02980841121495327 0.04937984084880637
0 0.556626168224299 0.376657824933687 0.029991822429906546 0.0437973474801061
0 0.664427570093458 0.2847029177718833 0.028550467289719626 0.043415915119363394
0 0.6311978193146417 0.28127851458885944 0.02449119937694704 0.03943183023872679
0 0.6000778816199377 0.27707692307692305 0.0296059968847352 0.042536074270557035
0 0.5540630841121496 0.26469946949602124 0.028801168224299064 0.042195490716180374
0 0.8472585669781932 0.15583554376657824 0.013247897196261682 0.09434668435013263
0 0.8504361370716511 0.03890371352785146 0.011370560747663551 0.06803395225464191
0 0.821518691588785 0.6267692307692307 0.031119158878504673 0.04563660477453581
0 0.3441721183800623 0.6329575596816976 0.032189408099688475 0.04079787798408488
0 0.3798348909657321 0.6295305039787799 0.03174252336448598 0.040045888594164455
0 0.4407453271028038 0.623893899204244 0.027378660436137073 0.03517214854111406
0 0.47452647975077883 0.626657824933687 0.02806954828660436 0.038523607427055705
0 0.5109361370716511 0.6347267904509284 0.028183878504672896 0.04355755968169761
0 0.5522453271028037 0.645445623342175 0.033087461059190026 0.044518037135278514
0 0.5860919003115265 0.6507506631299734 0.02690070093457944 0.04460928381962864
0 0.6290887850467289 0.6588196286472149 0.02707071651090343 0.03886100795755968
0 0.6562172897196261 0.6585994694960212 0.019688473520249224 0.047431564986737396
0 0.6844174454828661 0.6686551724137931 0.03425895638629284 0.042154376657824934
0 0.7274143302180686 0.6788249336870027 0.031294937694704046 0.04336551724137931
0 0.7968302180685358 0.6962864721485411 0.024246183800623055 0.04229045092838196
0 0.0157904984423676 0.4314986737400531 0.030701713395638628 0.04971299734748011
3 0.579049844237 0.456233421751 0.035046728972 0.0583554376658
