0 0.45463395638629284 0.5206684350132627 0.03280241433021807 0.0454395225464191
0 0.12340965732087228 0.8848355437665784 0.01242866043613707 0.08872944297082229
0 0.0954696261682243 0.11074270557029178 0.013995638629283491 0.09721405835543767
0 0.023202258566978193 0.5090636604774536 0.030344236760124613 0.04185278514588859
0 0.218101246105919 0.4341299734748011 0.014699065420560747 0.08799946949602122
0 0.23578660436137072 0.8852785145888594 0.015840809968847354 0.08144031830238727
0 0.3602352024922118 0.28592042440318305 0.03126908099688474 0.04290318302387267
0 0.42036604361370716 0.24027400530503978 0.030496417445482867 0.049090185676392575
0 0.383047507788162 0.2330901856763926 0.026328193146417444 0.045274535809018565
0 0.34605373831775704 0.22524323607427058 0.030292133956386292 0.04651432360742706
0 0.731892523364486 0.31388063660477455 0.03327157320872274 0.05210742705570292
0 0.6921082554517134 0.2956445623342175 0.027290420560747663 0.04794960212201592
0 0.508177570093458 0.3154297082228117 0.029242211838006228 0.04359549071618037
0 0.4117017133956386 0.348474801061008 0.029386370716510905 0.04831432360742706
0 0.6532320872274143 0.2860291777188329 0.027781464174454828 0.04194933687002653
0 0.6216253894080997 0.2832679045092838 0.02608909657320872 0.04599416445623342
0 0.5901152647975078 0.27928912466843503 0.028940732087227413 0.04154880636604775
0 0.5444898753894081 0.26492042440318303 0.030785046728971963 0.04277427055702918
0 0.8921651090342679 0.20501777188328915 0.014089096573208722 0.08888275862068966
0 0.8942133956386293 0.10831114058355439 0.01214260124610592 0.08219681697612732
0 0.836285046728972 0.15406710875331564 0.013309735202492212 0.10208010610079576
0 0.8385280373831776 0.042108753315649866 0.010990264797507789 0.0741923076923077
0 0.8925233644859814 0.513262599469496 0.030983255451713394 0.05639867374005305
0 0.9900389408099689 0.5720610079575597 0.020388629283489095 0.04944429708222812
0 0.8701635514018692 0.6772758620689655 0.029545093457943924 0.07498222811671088
0 0.3351830218068536 0.6341724137931034 0.03048271028037383 0.043546684350132626
0 0.37113862928348906 0.6305251989389921 0.02973520249221184 0.03930397877984085
0 0.43162616822429906 0.6245570291777188 0.027363629283489097 0.041504774535809016
0 0.46514797507788164 0.6287586206896552 0.02627188473520249 0.042830503978779834
0 0.5027904984423676 0.6362732095490716 0.025556853582554516 0.04694827586206897
0 0.5425755451713395 0.6436790450928382 0.03150295950155763 0.046766578249336874
0 0.577297507788162 0.6536259946949602 0.025757632398753894 0.04695437665782493
0 0.6201970404984424 0.6590397877984084 0.026573364485981306 0.0436498673740053
0 0.6476830218068536 0.6635729442970822 0.019136292834890968 0.041352785145888596
0 0.6759478193146418 0.6703129973474801 0.03172063862928349 0.045236870026525204
0 0.7168676012461059 0.6818090185676392 0.029733800623052958 0.047346684350132624
0 0.7875778816199377 0.6963978779840848 0.02356448598130841 0.04750663129973475
3 0.38707165109 0.412466843501 0.0342679127726 0.0557029177719
