0 0.7550623052959502 0.5552599469496021 0.0313272585669782 0.04863713527851459
0 0.11987305295950156 0.8811883289124669 0.012227336448598131 0.09116445623342175
0 0.025863161993769472 0.2518787798408488 0.025902180685358257 0.041744031830238726
0 0.0926791277258567 0.13218381962864723 0.019875545171339562 0.09889416445623342
0 0.11750389408099689 0.04288249336870026 0.013735747663551403 0.08100981432360743
0 0.02167702492211838 0.5047533156498674 0.028740342679127725 0.042872679045092836
0 0.2501619937694704 0.6763925729442971 0.018798052959501557 0.10940026525198938
0 0.21170794392523368 0.40141379310344827 0.015715654205607475 0.09850636604774535
0 0.33609190031152647 0.27718832891246686 0.03084096573208723 0.04410981432360743
0 0.41306464174454827 0.23552175066313 0.02872795950155763 0.04627851458885941
0 0.37652492211838007 0.22866923076923076 0.02593309968847352 0.045973740053050396
0 0.33979127725856695 0.22126445623342175 0.027967445482866046 0.04289946949602123
0 0.7235529595015576 0.3086870026525199 0.031085280373831774 0.04870238726790451
0 0.6835085669781932 0.2906710875331565 0.02550833333333333 0.04752732095490716
0 0.3805490654205608 0.2872466843501326 0.027690109034267912 0.045759681697612735
0 0.34942912772585666 0.33277984084880635 0.027624065420560746 0.04400822281167109
0 0.6452819314641745 0.2803925729442971 0.02586051401869159 0.044410875331564986
0 0.6141292834890966 0.27641379310344827 0.024390342679127725 0.04113580901856764
0 0.5825545171339563 0.2733209549071618 0.030612694704049842 0.03999071618037135
0 0.5371557632398754 0.26226790450928383 0.02993271028037383 0.03994721485411141
0 0.882429906542056 0.19871803713527852 0.012485981308411215 0.0889153846153846
0 0.8843146417445483 0.10311671087533157 0.012240809968847351 0.07884615384615384
0 0.5883309968847352 0.38019363395225464 0.03084454828660436 0.04690901856763926
0 0.6958722741433022 0.4213076923076923 0.02622803738317757 0.04347029177718833
0 0.7947819314641744 0.4652970822281167 0.03546970404984424 0.058271883289124665
0 0.9126401869158878 0.5356976127320955 0.03289641744548286 0.05568594164456234
0 0.8666588785046728 0.6755092838196286 0.027949688473520248 0.07378912466843501
0 0.3299260124610592 0.6301936339522546 0.029400467289719626 0.04021220159151194
0 0.3660763239875389 0.6275411140583554 0.0272559968847352 0.042070026525198936
0 0.4262718068535825 0.6213527851458885 0.026577102803738317 0.043198673740053053
0 0.45859267912772583 0.6234535809018568 0.02731985981308411 0.047842440318302384
0 0.4960732087227414 0.6312997347480106 0.02370334890965732 0.043988859416445626
0 0.537123831775701 0.6405835543766578 0.0304411214953271 0.043740318302387275
0 0.571423676012461 0.6488726790450928 0.02564197819314642 0.049508488063660476
0 0.6145506230529595 0.654289124668435 0.024264953271028036 0.038923872679045096
0 0.641322429906542 0.6553925729442971 0.018822741433021806 0.038992838196286475
0 0.6705280373831776 0.6640132625994695 0.030445638629283487 0.045146684350132624
0 0.7104750778816199 0.6747347480106101 0.03047009345794393 0.046988063660477454
0 0.7809579439252337 0.6927506631299734 0.023792056074766355 0.046955437665782494
3 0.326713395639 0.395225464191 0.035046728972 0.0583554376658
