0 0.5994291277258568 0.532604774535809 0.03124672897196262 0.04454907161803714
0 0.12130062305295951 0.8808567639257295 0.012602336448598131 0.09011909814323607
0 0.08323598130841121 0.18622891246684348 0.023345794392523364 0.09511140583554377
0 0.021709501557632398 0.5067427055702918 0.028982398753894082 0.03878037135278515
0 0.21550467289719627 0.4230769230769231 0.01636246105919003 0.08668700265251988
0 0.2501619937694704 0.8849469496021221 0.013733956386292835 0.09706525198938992
0 0.23345015576323988 0.9446286472148541 0.015605295950155761 0.09420318302387268
0 0.339661214953271 0.27906631299734747 0.03088582554517134 0.043722015915119365
0 0.41566043613707165 0.23507957559681697 0.030842133956386294 0.0465923076923077
0 0.37895872274143305 0.22844827586206898 0.02483839563862928 0.042023342175066314
0 0.3420303738317757 0.22004854111405833 0.02869010903426791 0.04220132625994695
0 0.7270249221183801 0.3091299734748011 0.031789485981308416 0.050464456233421745
0 0.6876619937694703 0.2882413793103448 0.02662063862928349 0.04760530503978779
0 0.43152881619937694 0.29874005305039786 0.029044392523364486 0.044092307692307695
0 0.3723714953271028 0.3360954907161804 0.028581697819314644 0.040549071618037134
0 0.6486892523364486 0.28050397877984085 0.026214641744548284 0.04185649867374005
0 0.6172764797507788 0.27663660477453583 0.025499610591900312 0.044954641909814325
0 0.5860591900311527 0.27354111405835546 0.03023777258566978 0.04126763925729443
0 0.5400763239875389 0.26271007957559683 0.029565654205607476 0.043365251989389925
0 0.8867133956386293 0.19938116710875334 0.01159727414330218 0.08760159151193633
0 0.8891510903426791 0.10389045092838196 0.013070638629283487 0.07986233421750663
0 0.8308644859813084 0.15351458885941643 0.011597897196261682 0.09157851458885942
0 0.7265381619937694 0.42937665782493367 0.0328183800623053 0.05455119363395225
0 0.833886292834891 0.48386472148541115 0.026571028037383176 0.050681432360742705
0 0.9401635514018692 0.5376870026525199 0.035912772585669786 0.058032625994694956
0 0.8689953271028037 0.6761724137931034 0.028843068535825547 0.07581246684350132
0 0.33184034267912776 0.6295305039787799 0.029798753894080997 0.04471909814323608
0 0.3682180685358255 0.6267692307692307 0.02798894080996885 0.0437291777188329
0 0.42802414330218064 0.6215729442970822 0.02545545171339564 0.045142175066312996
0 0.46187071651090345 0.626106100795756 0.026084267912772584 0.042215119363395226
0 0.4990911214953271 0.6304164456233422 0.025854205607476637 0.043969496021220154
0 0.5390708722741433 0.6400318302387268 0.03163621495327103 0.0460896551724138
0 0.5740848909657321 0.648209549071618 0.024085669781931465 0.04387824933687003
0 0.6165630841121496 0.6543978779840849 0.026198208722741433 0.04222970822281167
0 0.6438216510903427 0.6555039787798409 0.018217289719626165 0.03755835543766578
0 0.6725077881619937 0.6650079575596817 0.03060545171339564 0.03913103448275862
0 0.7127788161993769 0.6772758620689655 0.03122468847352025 0.04604005305039788
0 0.7844003115264797 0.6896551724137931 0.024494392523364487 0.04605649867374005
3 0.343068535826 0.396551724138 0.035046728972 0.0557029177719
