0 0.13713629283489095 0.7094376657824935 0.01656580996884735 0.10117692307692308
0 0.20898208722741435 0.128757824933687 0.019232398753894084 0.10440583554376658
0 0.36020249221183803 0.5152519893899205 0.03338496884735203 0.04782519893899204
0 0.12340965732087228 0.8874880636604775 0.014218302180685358 0.09001671087533157
0 0.09553504672897196 0.07073395225464191 0.014050233644859814 0.08958832891246685
0 0.021320093457943924 0.5101671087533156 0.033633333333333335 0.04212811671087533
0 0.38947274143302185 0.29321485411140585 0.03200576323987539 0.04582838196286472
0 0.42215109034267917 0.24104774535809018 0.03141222741433022 0.04288249336870026
0 0.3849945482866044 0.23386392572944298 0.026770327102803738 0.04276419098143236
0 0.34715732087227413 0.22811671087533156 0.029529283489096572 0.0469816976127321
0 0.7335802180685358 0.3178594164456233 0.03352149532710281 0.0527079575596817
0 0.6940225856697819 0.2963076923076923 0.026879517133956386 0.04437984084880637
0 0.5803481308411215 0.33720159151193635 0.02910202492211838 0.04824854111405835
0 0.4617079439252336 0.36173740053050396 0.029810124610591904 0.03964323607427055
0 0.6547570093457944 0.2876870026525199 0.02795630841121495 0.04342440318302387
0 0.6237990654205607 0.2840397877984085 0.024330062305295948 0.04059522546419098
0 0.5911542056074767 0.2823819628647215 0.029643302180685355 0.04046127320954907
0 0.5456908099688473 0.26856763925729443 0.03013239875389408 0.04144854111405835
0 0.8941121495327102 0.20888594164456234 0.013840264797507789 0.09003633952254642
0 0.8973286604361371 0.11118488063660477 0.01305739875389408 0.08395888594164456
0 0.8383956386292835 0.15627771883289124 0.013259345794392523 0.09937771883289126
0 0.8411838006230529 0.04089310344827586 0.01064595015576324 0.0710893899204244
0 0.8527102803738319 0.6479893899204244 0.03131292834890966 0.05678726790450928
0 0.33557242990654207 0.6353899204244032 0.03311129283489096 0.044973209549071615
0 0.37149532710280375 0.6325145888594165 0.029849454828660436 0.04002148541114058
0 0.4325996884735202 0.6282042440318303 0.027905685358255453 0.04295702917771883
0 0.46501791277258564 0.6319628647214854 0.028173520249221182 0.03706419098143236
0 0.5031479750778817 0.6346153846153846 0.025223520249221185 0.04805676392572944
0 0.5437110591900312 0.6461087533156499 0.03255552959501557 0.04603103448275862
0 0.5779143302180686 0.6553925729442971 0.025129906542056078 0.04790424403183024
0 0.6199704049844237 0.6616923076923077 0.0277398753894081 0.04034031830238727
0 0.6485264797507788 0.6643448275862069 0.019122118380062305 0.0413525198938992
0 0.676661214953271 0.6721936339522546 0.03254096573208723 0.03971538461538462
0 0.7183933021806854 0.6821405835543766 0.03153504672897196 0.046015649867374005
0 0.7880996884735202 0.697392572944297 0.024076791277258567 0.04300663129973475
3 0.452492211838 0.429708222812 0.0342679127726 0.0583554376658
