0 0.6293481308411215 0.5376870026525199 0.032070249221183796 0.05113740053050398
0 0.11980763239875389 0.8837320954907161 0.011960903426791276 0.08920848806366047
0 0.07392266355140187 0.21242254641909813 0.023843302180685356 0.08801405835543767
0 0.02050880062305296 0.5108302387267905 0.029205607476635514 0.038461538461538464
0 0.20907943925233646 0.32427055702917773 0.015265031152647976 0.08584323607427057
0 0.24714408099688476 0.8315649867374005 0.014505607476635514 0.09820716180371351
0 0.22799844236760125 0.8438328912466844 0.0161196261682243 0.09656419098143236
0 0.33719470404984425 0.2799522546419098 0.030727180685358253 0.04465305039787798
0 0.4142001557632399 0.2381742705570292 0.02961510903426791 0.04524588859416446
0 0.3771744548286604 0.23032705570291775 0.025332554517133957 0.04126445623342175
0 0.3407320872274143 0.22579575596816975 0.02913177570093458 0.043750397877984085
0 0.7253052959501558 0.3116710875331565 0.032697118380062305 0.055140583554376656
0 0.686072429906542 0.29222015915119365 0.025956619937694703 0.044427055702917766
0 0.41608255451713394 0.29785676392572946 0.0287708722741433 0.04624588859416445
0 0.3660109034267913 0.3387480106100796 0.028336604361370716 0.04271246684350132
0 0.6466767912772585 0.28293633952254643 0.026499376947040496 0.041746419098143236
0 0.6154595015576324 0.2803925729442971 0.024822819314641743 0.044626525198939
0 0.5840475077881621 0.27763129973474804 0.02977873831775701 0.04257400530503979
0 0.5382593457943925 0.26613527851458885 0.030405529595015576 0.0424498673740053
0 0.8847975077881619 0.20225464190981432 0.013372507788161994 0.08917824933687002
0 0.8868457943925234 0.10532705570291777 0.011776635514018691 0.07918196286472148
0 0.8295015576323987 0.15649867374005305 0.013454984423676012 0.08988328912466845
0 0.6956448598130841 0.41920954907161806 0.03158442367601246 0.05168063660477453
0 0.8022429906542056 0.47049071618037136 0.026198909657320874 0.04964031830238727
0 0.9074844236760125 0.5246472148541114 0.03459003115264798 0.06300450928381963
0 0.8671806853582554 0.67926525198939 0.02805373831775701 0.07419018567639257
0 0.3304454828660436 0.6337320954907162 0.030262227414330215 0.045087533156498674
0 0.3664657320872274 0.6298620689655172 0.028070872274143302 0.04134880636604774
0 0.4263372274143302 0.624448275862069 0.025910046728971965 0.040336339522546415
0 0.4605077881619938 0.6274323607427056 0.025779361370716514 0.04554960212201591
0 0.4974688473520249 0.6337320954907162 0.024255841121495328 0.044589389920424397
0 0.5375451713395638 0.6431246684350133 0.030658099688473522 0.04359628647214854
0 0.5716183800623053 0.6494244031830239 0.02482328660436137 0.047878779840848804
0 0.6148753894080997 0.6560557029177719 0.02567056074766355 0.04292148541114058
0 0.6426207165109035 0.6587082228116711 0.016787383177570094 0.038840583554376654
0 0.6709501557632399 0.6667771883289124 0.030584735202492212 0.04391352785145888
0 0.7114158878504673 0.6782705570291777 0.029860436137071653 0.04411697612732096
0 0.7827414330218069 0.6931909814323608 0.023575856697819315 0.04398010610079576
3 0.336448598131 0.399204244032 0.0342679127726 0.0557029177719
