0 0.6927897196261682 0.5444297082228117 0.032040342679127726 0.050854111405835546
0 0.12055451713395639 0.8818514588859417 0.011928504672897196 0.09108753315649869
0 0.05451713395638629 0.242153050397878 0.027693535825545172 0.0697132625994695
0 0.0980981308411215 0.07029177718832891 0.013968613707165109 0.1011419098143236
0 0.0216446261682243 0.5080689655172413 0.028686370716510905 0.03580901856763926
0 0.20083722741433022 0.11041114058355438 0.015757242990654206 0.08936551724137932
0 0.24766355140186916 0.7382838196286473 0.015136682242990656 0.10257559681697613
0 0.22124844236760127 0.626106100795756 0.015885280373831776 0.09699389920424402
0 0.33771417445482865 0.27851458885941643 0.030813940809968847 0.04509681697612732
0 0.4141355140186916 0.2345270557029178 0.029546183800623054 0.04658222811671087
0 0.3774984423676013 0.22889045092838198 0.02562741433021807 0.046532891246684346
0 0.34076479750778815 0.22248010610079574 0.028493457943925233 0.04566074270557029
0 0.725369937694704 0.3089071618037135 0.03259431464174455 0.052370291777188334
0 0.6856503115264797 0.29122546419098144 0.026483411214953272 0.04788090185676393
0 0.3963528037383177 0.2913342175066313 0.02748738317757009 0.048185411140583556
0 0.35760669781931465 0.3349920424403183 0.02817570093457944 0.04351087533156499
0 0.6464501557632399 0.28028381962864723 0.026375077881619937 0.04330026525198939
0 0.6156542056074766 0.276525198938992 0.024897741433021807 0.043656763925729446
0 0.5841121495327103 0.2740928381962865 0.0307208722741433 0.04153633952254642
0 0.5383894080996885 0.2635941644562334 0.030125778816199378 0.04018567639257294
0 0.884057632398754 0.19938116710875334 0.013031853582554518 0.08746180371352785
0 0.8859345794392524 0.10344827586206896 0.011338707165109034 0.07786525198938991
0 0.6400895638629284 0.39544562334217503 0.03166814641744548 0.051653315649867367
0 0.7466253894080997 0.44153315649867375 0.026383956386292838 0.04755543766578249
0 0.8495950155763241 0.49115915119363396 0.03559236760124611 0.058971883289124664
0 0.9803971962616822 0.5677506631299735 0.0342398753894081 0.059257824933687
0 0.8672118380062306 0.6752864721485411 0.02853722741433022 0.07602122015915119
0 0.3304774143302181 0.6287586206896552 0.030919470404984425 0.04246949602122016
0 0.3670171339563863 0.6276525198938993 0.027411526479750776 0.041160212201591516
0 0.4270506230529595 0.6210212201591512 0.025488551401869158 0.04399310344827586
0 0.4600210280373832 0.625 0.027477647975077884 0.04541087533156499
0 0.49714408099688473 0.6311883289124668 0.02518847352024922 0.042939257294429704
0 0.5375132398753895 0.6406949602122016 0.02982842679127726 0.046165782493368696
0 0.5726892523364486 0.6490928381962865 0.02373590342679128 0.04719336870026525
0 0.6152647975077882 0.6517453580901856 0.02469898753894081 0.04289628647214854
0 0.6418091900311527 0.655946949602122 0.01882873831775701 0.04179151193633952
0 0.6715342679127726 0.6662254641909814 0.03005404984423676 0.041616180371352784
0 0.712130062305296 0.6758408488063661 0.03024789719626168 0.04840769230769231
0 0.7825778816199377 0.6910928381962864 0.02391728971962617 0.04645941644562334
3 0.329828660436 0.395225464191 0.0334890965732 0.053050397878
