0 0.13343691588785048 0.3763262599469496 0.016753971962616823 0.09960477453580903
0 0.23387227414330217 0.5887480106100795 0.018742990654205607 0.1079291777188329
0 0.29624221183800625 0.552498673740053 0.033771417445482864 0.09324960212201591
0 0.12951090342679128 0.8748885941644563 0.015535280373831775 0.09428037135278515
0 0.026577102803738317 0.49845358090185676 0.03189540498442368 0.04231803713527851
0 0.4400638629283489 0.2923289124668435 0.03297219626168224 0.04021671087533157
0 0.428446261682243 0.23209549071618038 0.029037850467289718 0.04013580901856764
0 0.39275077881619935 0.22391697612732098 0.025711915887850465 0.04084880636604775
0 0.3549127725856698 0.21761724137931035 0.029209813084112152 0.04672334217506631
0 0.7416923676012461 0.3052599469496021 0.03342803738317757 0.04729363395225464
0 0.7021355140186916 0.28901326259946947 0.02812484423676012 0.04380079575596817
0 0.6738060747663551 0.3543315649867374 0.02933380062305296 0.04723793103448276
0 0.5373504672897196 0.3674854111405836 0.030026401869158878 0.039190981432360744
0 0.6621557632398754 0.27718832891246686 0.028752180685358255 0.04569124668435013
0 0.6301923676012461 0.2757506631299735 0.0244208722741433 0.036744297082228115
0 0.5985202492211839 0.2716631299734748 0.030245482866043612 0.04056233421750663
0 0.5527320872274143 0.25862068965517243 0.028970716510903428 0.03770132625994695
0 0.9010280373831776 0.20313872679045092 0.012897040498442367 0.08868196286472149
0 0.8455685358255453 0.14997798408488064 0.0131601246105919 0.09177214854111407
0 0.8491043613707165 0.03591962864721485 0.01106619937694704 0.0672976127320955
0 0.8277881619937696 0.6192519893899204 0.03126518691588785 0.04287214854111406
0 0.3415109034267913 0.6256631299734748 0.03193302180685358 0.04350769230769231
0 0.377661214953271 0.6232307692307693 0.0314630062305296 0.04013607427055703
0 0.4384735202492212 0.6184801061007957 0.027555062305295946 0.042110610079575596
0 0.4732609034267913 0.6220159151193634 0.02821456386292835 0.04160848806366048
0 0.5096705607476636 0.628315649867374 0.026435280373831777 0.04638143236074271
0 0.549357476635514 0.641026525198939 0.0311351246105919 0.04915039787798408
0 0.5845342679127726 0.6455570291777188 0.026173130841121495 0.04374084880636605
0 0.6261355140186916 0.6517453580901856 0.026877881619937698 0.04149893899204244
0 0.6542702492211838 0.6515251989389921 0.019614641744548286 0.04698355437665783
0 0.6828598130841121 0.6612519893899205 0.03395366043613707 0.04158806366047745
0 0.7247858255451713 0.6740716180371353 0.03192204049844237 0.048525464190981436
0 0.7955607476635514 0.687554376657825 0.026432398753894082 0.04059283819628647
0 0.015245327102803737 0.42652519893899205 0.029225778816199376 0.05085755968169762
3 0.551791277259 0.444297082228 0.0334890965732 0.0610079575597
