0 0.13616277258566978 0.617262599469496 0.017022352024922117 0.1014684350132626
0 0.21699766355140188 0.2453580901856764 0.020801401869158877 0.10845278514588859
0 0.3421596573208723 0.5147002652519894 0.035123130841121494 0.06114323607427055
0 0.1254867601246106 0.8815198938992043 0.014707788161993769 0.08575543766578249
0 0.09871495327102804 0.05647665782493368 0.01453380062305296 0.08953607427055703
0 0.023689018691588785 0.50442175066313 0.032658566978193145 0.043477453580901854
0 0.4021285046728972 0.2900079575596817 0.03161814641744549 0.04171379310344828
0 0.42439018691588787 0.23640583554376657 0.03058076323987539 0.04503527851458886
0 0.3872663551401869 0.22877984084880637 0.02617476635514019 0.04391750663129973
0 0.34978582554517135 0.22170636604774535 0.030242601246105918 0.04808381962864722
0 0.7362406542056075 0.31067639257294427 0.034572507788161996 0.05347480106100796
0 0.696683800623053 0.2913342175066313 0.0272993769470405 0.0432262599469496
0 0.6028364485981309 0.3402970822281167 0.029722897196261682 0.04977877984084881
0 0.4798481308411215 0.36074270557029176 0.029753582554517134 0.0399
0 0.6578403426791277 0.2828249336870027 0.027989096573208725 0.04099575596816976
0 0.6260708722741433 0.27906631299734747 0.023953115264797507 0.04127771883289125
0 0.5939447040498442 0.27541909814323606 0.0293952492211838 0.038901856763925734
0 0.5482866043613707 0.2638151193633952 0.029315576323987538 0.04221379310344828
0 0.897227414330218 0.20280716180371353 0.014311214953271027 0.09092254641909814
0 0.8998909657320873 0.10355888594164456 0.014045171339563862 0.08274350132625995
0 0.8401791277258567 0.15428832891246683 0.013154361370716511 0.09600318302387267
0 0.8445327102803739 0.03790901856763926 0.009950623052959502 0.0655708222811671
0 0.8475467289719626 0.6349469496021221 0.03133979750778816 0.04547931034482759
0 0.3385576323987539 0.6300848806366047 0.03302998442367601 0.04174005305039788
0 0.3740264797507788 0.6253315649867374 0.030081464174454828 0.03765411140583554
0 0.43467679127725856 0.6217957559681697 0.027363239875389408 0.041622811671087535
0 0.46764641744548285 0.625551724137931 0.02808676012461059 0.041497347480106105
0 0.5054517133956387 0.6301936339522546 0.026352102803738318 0.04800132625994695
0 0.5465989096573208 0.641026525198939 0.03198769470404984 0.044672944297082226
0 0.5804127725856698 0.6492042440318302 0.025340965732087224 0.04778381962864722
0 0.6226635514018691 0.6566100795755968 0.027005140186915886 0.04086472148541114
0 0.6503115264797508 0.6573819628647215 0.020050545171339564 0.044001326259946946
0 0.6788029595015576 0.6655623342175067 0.03218317757009346 0.04181936339522546
0 0.7203076323987538 0.6771671087533156 0.03083200934579439 0.04792732095490716
0 0.7912772585669782 0.694076923076923 0.024918380062305297 0.04720053050397878
3 0.47468847352 0.428381962865 0.035046728972 0.0610079575597
