0 0.5086970404984424 0.5270769230769231 0.03223076323987539 0.04693713527851459
0 0.1225334890965732 0.8836206896551724 0.012810747663551404 0.0905392572944297
0 0.09228971962616822 0.1341732095490716 0.014902647975077883 0.09488063660477454
0 0.02219626168224299 0.5095039787798409 0.030314018691588784 0.03910450928381963
0 0.2077165109034268 0.1801503978779841 0.01488473520249221 0.08919787798408488
0 0.22842056074766354 0.7124217506631301 0.015543302180685357 0.08321140583554376
0 0.3490070093457944 0.28481432360742703 0.031233099688473518 0.04215013262599469
0 0.418743769470405 0.24005305039787797 0.030283255451713394 0.04495968169761273
0 0.38119781931464175 0.23099018567639257 0.025794080996884735 0.04232413793103448
0 0.34394470404984423 0.22435888594164455 0.02955202492211838 0.04748461538461539
0 0.7308216510903427 0.31067639257294427 0.03352718068535826 0.05392652519893899
0 0.6911666666666666 0.28945623342175064 0.026522040498442367 0.046583819628647216
0 0.4758239875389408 0.30990185676392573 0.028186993769470408 0.04215225464190982
0 0.39275077881619935 0.34427586206896554 0.029142601246105918 0.042989389920424406
0 0.6513496884735203 0.2838196286472148 0.026298286604361374 0.0395185676392573
0 0.6199376947040498 0.2810557029177719 0.02534704049844237 0.043785411140583555
0 0.587876168224299 0.2789575596816976 0.029536682242990654 0.039470822281167106
0 0.5424127725856698 0.2663580901856764 0.029514330218068537 0.04327267904509284
0 0.8899610591900312 0.20092838196286472 0.011189485981308412 0.09163129973474801
0 0.8921028037383177 0.10300610079575598 0.012669548286604363 0.08447161803713528
0 0.8346651090342679 0.14975676392572945 0.012311915887850468 0.10129787798408489
0 0.8235981308411215 0.4717055702917772 0.030957632398753893 0.057710344827586205
0 0.9271495327102804 0.5335994694960212 0.02697071651090343 0.05176498673740053
0 0.8709735202492211 0.6750663129973474 0.02901627725856698 0.07758541114058355
0 0.3341448598130841 0.6345039787798409 0.03083769470404984 0.044626259946949604
0 0.36938629283489094 0.6303050397877984 0.028901168224299063 0.04157851458885942
0 0.4300038940809969 0.6241167108753316 0.027364096573208724 0.04462148541114058
0 0.4638496884735202 0.6284270557029178 0.027636682242990655 0.04399045092838196
0 0.501006230529595 0.6368249336870027 0.02611355140186916 0.04338700265251989
0 0.5416993769470405 0.6435676392572944 0.03196331775700935 0.04267294429708223
0 0.5761292834890965 0.6518567639257294 0.024115965732087227 0.043295490716180364
0 0.6190615264797508 0.6558355437665783 0.026701323987538942 0.04088461538461539
0 0.6465794392523364 0.6571618037135278 0.018196105919003117 0.040303713527851455
0 0.6752982866043613 0.6648992042440318 0.031204750778816195 0.04123766578249337
0 0.7158621495327103 0.6766127320954907 0.02903278816199377 0.04667214854111406
0 0.7865109034267913 0.6903183023872679 0.023416043613707162 0.048925994694960215
3 0.364096573209 0.405835543767 0.0334890965732 0.0583554376658
