0 0.6630973520249221 0.5396763925729443 0.03176456386292835 0.04955172413793104
0 0.12139797507788162 0.8818514588859417 0.012219470404984424 0.0896633952254642
0 0.06678348909657321 0.22822732095490716 0.02626791277258567 0.07905915119363395
0 0.1001752336448598 0.04918222811671087 0.01216355140186916 0.09200371352785146
0 0.022975077881619937 0.5091724137931034 0.028834890965732086 0.03994535809018568
0 0.2065482866043614 0.21794880636604777 0.01535132398753894 0.08874854111405835
0 0.24798831775700933 0.7808355437665783 0.012467133956386293 0.0974580901856764
0 0.22624610591900313 0.7354111405835544 0.01618146417445483 0.09798037135278514
0 0.338785046728972 0.27807161803713526 0.030212694704049848 0.04461618037135279
0 0.41566043613707165 0.23662679045092835 0.031007398753894078 0.04514350132625995
0 0.37941355140186916 0.22911140583554376 0.025508878504672896 0.04580742705570292
0 0.34232242990654205 0.22170636604774535 0.02902383177570093 0.04582758620689655
0 0.7268302180685359 0.30724933687002653 0.032690498442367606 0.0528498673740053
0 0.6869485981308412 0.2896763925729443 0.02569532710280374 0.04613448275862069
0 0.40761292834890966 0.29487267904509284 0.02867632398753894 0.04399655172413793
0 0.363285046728972 0.33521220159151194 0.028005529595015576 0.042089655172413795
0 0.6481697819314641 0.28149867374005305 0.025850155763239877 0.04251511936339522
0 0.6170498442367601 0.2774084880636605 0.025080218068535828 0.04248196286472148
0 0.5848582554517133 0.27342970822281165 0.02940451713395639 0.0410395225464191
0 0.5399143302180686 0.26226790450928383 0.029457943925233643 0.03870159151193634
0 0.8861292834890966 0.1989389920424403 0.012769392523364486 0.08755994694960212
0 0.8878193146417446 0.10322732095490716 0.011907943925233644 0.08024694960212202
0 0.8307710280373832 0.15484084880636606 0.012807398753894082 0.08679655172413793
0 0.6685163551401869 0.40716180371352784 0.03125093457943925 0.05463076923076923
0 0.775506230529595 0.4545755968169761 0.026765887850467292 0.0451657824933687
0 0.8792834890965732 0.5068514588859416 0.03530607476635514 0.059190716180371354
0 0.8691588785046729 0.6768355437665783 0.02855467289719626 0.07349549071618036
0 0.3321978193146417 0.6295305039787799 0.030968068535825545 0.04182228116710875
0 0.3679906542056075 0.626106100795756 0.027650778816199376 0.040433952254641914
0 0.42808956386292835 0.6212413793103448 0.026399766355140186 0.042749071618037135
0 0.4609945482866044 0.6259946949602122 0.027576168224299067 0.04381034482758621
0 0.4985397196261682 0.6318514588859416 0.024885591900311525 0.04334774535809018
0 0.539297507788162 0.6413580901856764 0.03130389408099689 0.04380636604774536
0 0.5730786604361371 0.649315649867374 0.025494626168224302 0.046662068965517244
0 0.6164330218068536 0.6540663129973475 0.026172663551401867 0.044255968169761274
0 0.6433668224299065 0.6580450928381962 0.01892204049844237 0.0392368700265252
0 0.6730272585669782 0.6662254641909814 0.03009867601246106 0.04321246684350133
0 0.7132655763239875 0.677498673740053 0.03157640186915888 0.046429177718832884
0 0.7844314641744549 0.6929708222811671 0.023486682242990654 0.04738302387267904
3 0.333722741433 0.395225464191 0.0334890965732 0.0583554376658
