0 0.7249478193146417 0.5547082228116711 0.03226760124610592 0.05217029177718833
0 0.12123598130841122 0.8869363395225465 0.011480451713395639 0.08887665782493369
0 0.041796495327102806 0.2553050397877984 0.026281542056074768 0.05386684350132626
0 0.09676791277258567 0.10565862068965517 0.015906308411214952 0.09939893899204244
0 0.022488317757009345 0.5100583554376658 0.028852492211838006 0.0383395225464191
0 0.2500327102803738 0.7072281167108754 0.015365109034267913 0.10209655172413794
0 0.21728971962616822 0.5205570291777188 0.016062383177570094 0.09776949602122015
0 0.33761682242990654 0.28216180371352784 0.030908489096573212 0.044734482758620686
0 0.4151417445482866 0.24093713527851457 0.030028971962616825 0.045592307692307696
0 0.378309968847352 0.23121140583554378 0.02512733644859813 0.04434244031830238
0 0.34040732087227416 0.22502201591511936 0.029564719626168225 0.043356763925729444
0 0.7250778816199377 0.3139920424403183 0.031395872274143304 0.04959045092838196
0 0.6855529595015576 0.29509283819628646 0.026582242990654203 0.046187267904509284
0 0.38843457943925236 0.2939867374005305 0.02815404984423676 0.04247771883289125
0 0.35462071651090343 0.3389708222811671 0.028096261682242992 0.04582546419098143
0 0.6468068535825545 0.2840397877984085 0.0252971183800623 0.042792042440318305
0 0.6154922118380063 0.2820503978779841 0.025438707165109035 0.04087347480106101
0 0.5845989096573209 0.2784031830238727 0.02986495327102804 0.04098965517241379
0 0.5388107476635514 0.2674615384615385 0.03022266355140187 0.041180636604774536
0 0.8843146417445483 0.20391246684350134 0.012684190031152648 0.08674509283819629
0 0.8861292834890966 0.10786923076923077 0.012285591900311525 0.07891405835543766
0 0.6140319314641745 0.3920212201591512 0.03138722741433022 0.04837957559681698
0 0.7214758566978193 0.4345702917771883 0.02635700934579439 0.04420901856763925
0 0.8224610591900311 0.4824270557029178 0.035421183800623056 0.05724668435013263
0 0.9476246105919003 0.555923076923077 0.033701246105919 0.05716657824933687
0 0.8674688473520249 0.6803713527851459 0.027726168224299064 0.07624270557029178
0 0.33119158878504673 0.6345039787798409 0.030202803738317758 0.042214588859416445
0 0.3675685358255452 0.631631299734748 0.027565264797507788 0.04218461538461539
0 0.4268886292834891 0.626657824933687 0.025151557632398756 0.042644031830238724
0 0.45976090342679127 0.6289787798408488 0.027472507788161998 0.047728381962864726
0 0.4975334890965732 0.6357214854111406 0.024555373831775702 0.04531777188328913
0 0.5380973520249221 0.6450053050397878 0.030364252336448596 0.04407798408488064
0 0.5727866043613707 0.653183023872679 0.023685669781931467 0.048326790450928386
0 0.6157842679127726 0.6584880636604774 0.02469158878504673 0.040027851458885946
0 0.6421339563862928 0.6605888594164456 0.017991433021806853 0.03815358090185676
0 0.671696261682243 0.6686551724137931 0.02953886292834891 0.042726790450928386
0 0.7123574766355141 0.6795968169761274 0.029787694704049843 0.045795225464190986
0 0.7826791277258567 0.6962864721485411 0.023220093457943923 0.04357427055702917
3 0.329049844237 0.400530503979 0.035046728972 0.0583554376658
